0 75.0903
0.1 70.9031
0.2 76.8019
0.3 73.3388
0.4 70.8195
0.5 76.1926
0.6 71.4093
0.7 71.7062
0.8 68.2222
0.9 70.4826
1 66.497
1.1 67.3399
1.2 63.6299
1.3 62.9378
1.4 62.5752
1.5 61.7519
1.6 59.5399
1.7 64.0583
1.8 63.1422
1.9 59.9949
2 60.0912
2.1 63.3505
2.2 66.7346
2.3 69.6552
2.4 72.5291
2.5 74.0082
2.6 78.8126
2.7 81.6448
2.8 91.2357
2.9 97.9366
3 100.959
3.1 105.221
3.2 107.672
3.3 114.933
3.4 126.513
3.5 133.09
3.6 136.687
3.7 140.403
3.8 142.329
3.9 144.674
4 152.338
4.1 158.544
4.2 159.452
4.3 166.078
4.4 174.667
4.5 182.041
4.6 188.364
4.7 198.534
4.8 211.066
4.9 223.727
5 232.504
5.1 246.54
5.2 261.421
5.3 270.602
5.4 286.84
5.5 300.251
5.6 309.741
5.7 324.09
5.8 336.39
5.9 350.348
6 360.164
6.1 376.497
6.2 386.274
6.3 402.276
6.4 416.306
6.5 434.074
6.6 446.51
6.7 460.875
6.8 472.128
6.9 485.102
7 502.533
7.1 518.62
7.2 531.614
7.3 542.1
7.4 552.256
7.5 563.49
7.6 576.905
7.7 583.496
7.8 596.15
7.9 603.453
8 612.623
8.1 619.445
8.2 631.584
8.3 641.852
8.4 646.912
8.5 649.712
8.6 655.002
8.7 661.256
8.8 671.132
8.9 681.596
9 691.017
9.1 691.757
9.2 696.643
9.3 705.53
9.4 712.132
9.5 715.37
9.6 714.698
9.7 712.16
9.8 707.099
9.9 707.802
10 703.545
10.1 700.924
10.2 696.565
10.3 694.485
10.4 690.55
10.5 684.883
10.6 679.522
10.7 677.124
10.8 677.549
10.9 675.232
11 672.663
11.1 671.418
11.2 665.714
11.3 666.525
11.4 661.831
11.5 658.828
11.6 649.972
11.7 645.041
11.8 642.215
11.9 639.187
12 642.393
12.1 639.222
12.2 636.757
12.3 635.081
12.4 637.016
12.5 636.178
12.6 632.194
12.7 629.794
12.8 631.481
12.9 629.206
13 628.905
13.1 622.078
13.2 621.382
13.3 616.952
13.4 612.639
13.5 606.776
13.6 607.263
13.7 603.003
13.8 599.623
13.9 595.308
14 587.431
14.1 585.849
14.2 585.911
14.3 583.452
14.4 583.592
14.5 577.088
14.6 575.003
14.7 577.582
14.8 580.762
14.9 587.425
15 589.282
15.1 591.397
15.2 597.825
15.3 603.701
15.4 604.565
15.5 604.929
15.6 607.036
15.7 608.43
15.8 607.784
15.9 601.13
16 596.395
16.1 591.177
16.2 588.618
16.3 584.832
16.4 579.507
16.5 578.72
16.6 572.959
16.7 569.982
16.8 567.526
16.9 564.815
17 560.862
17.1 553.048
17.2 548.856
17.3 542.268
17.4 536.956
17.5 528.585
17.6 521.076
17.7 518.052
17.8 512.083
17.9 508.112
18 502.964
18.1 500.596
18.2 503.43
18.3 502.105
18.4 502.816
18.5 501.681
18.6 505.474
18.7 501.345
18.8 500.813
18.9 497.994
19 500.527
19.1 503.425
19.2 504.161
19.3 504.191
19.4 507.678
19.5 508.532
19.6 510.537
19.7 509.459
19.8 511.12
19.9 514.492
20 510.781
20.1 510
20.2 512.037
20.3 509.179
20.4 505.097
20.5 503.402
20.6 504.538
20.7 501.663
20.8 503.487
20.9 502.134
21 507.745
21.1 510.57
21.2 515.432
21.3 516.891
21.4 522.84
21.5 526.49
21.6 527.825
21.7 531.574
21.8 534.178
21.9 538.553
22 540.989
22.1 541.267
22.2 541.901
22.3 544.193
22.4 546.816
22.5 551.788
22.6 553.168
22.7 561.286
22.8 565.365
22.9 566.334
23 569.562
23.1 575.717
23.2 577.132
23.3 578.216
23.4 582.515
23.5 581.996
23.6 585.261
23.7 581.517
23.8 583.318
23.9 584.096
24 591.839
24.1 588.234
24.2 586.864
24.3 586.688
24.4 590.691
24.5 589.736
24.6 591.12
24.7 593.169
24.8 592.858
24.9 592.03
25 591.425
25.1 589.981
25.2 592.17
25.3 589.895
25.4 585.219
25.5 583.205
25.6 585.087
25.7 587.844
25.8 589.059
25.9 587.803
26 589.771
26.1 588.113
26.2 590.084
26.3 589.855
26.4 591.962
26.5 587.372
26.6 589.557
26.7 590.898
26.8 592.781
26.9 594.237
27 596.091
27.1 597.816
27.2 597.159
27.3 594.571
27.4 595.422
27.5 595.217
27.6 591.109
27.7 593.048
27.8 590.433
27.9 586.033
28 585.46
28.1 579.048
28.2 573.955
28.3 570.069
28.4 564.683
28.5 561.391
28.6 557.591
28.7 556.451
28.8 554.143
28.9 556.023
29 553.604
29.1 547.922
29.2 548.79
29.3 551.295
29.4 545.16
29.5 542.179
29.6 535.856
29.7 530.961
29.8 527.192
29.9 522.785
30 518.981
30.1 514.621
30.2 516.524
30.3 510.048
30.4 504.105
30.5 503.63
30.6 503.895
30.7 499.895
30.8 492.758
30.9 493.232
31 493.153
31.1 488.473
31.2 485.606
31.3 480.452
31.4 478.143
31.5 472.426
31.6 469.295
31.7 465.044
31.8 460.969
31.9 455.019
32 448.367
32.1 439.011
32.2 431.824
32.3 429.238
32.4 426.532
32.5 415.629
32.6 412.898
32.7 406.115
32.8 399.019
32.9 392.145
33 389.074
33.1 386.199
33.2 382.111
33.3 377.123
33.4 376.288
33.5 375.262
33.6 365.978
33.7 361.656
33.8 352.552
33.9 352.211
34 344.583
34.1 342.148
34.2 339.695
34.3 338.159
34.4 331.67
34.5 328.398
34.6 319.848
34.7 315.713
34.8 314.592
34.9 309.661
35 309.128
35.1 302.972
35.2 301.166
35.3 295.53
35.4 297.83
35.5 294.512
35.6 291.273
35.7 288.13
35.8 284.721
35.9 283.666
36 279.078
36.1 274.991
36.2 274.733
36.3 276.019
36.4 277.024
36.5 276.94
36.6 277.809
36.7 283.745
36.8 281.937
36.9 279.78
37 277.847
37.1 281.305
37.2 288.175
37.3 288.945
37.4 290.075
37.5 292.631
37.6 304.135
37.7 303.808
37.8 310.537
37.9 317.111
38 322.024
38.1 328.911
38.2 331.658
38.3 339.736
38.4 346.46
38.5 347.863
38.6 352.848
38.7 362.569
38.8 367.118
38.9 374.069
39 378.213
39.1 382.263
39.2 386.177
39.3 388.956
39.4 388.744
39.5 395.64
39.6 400.028
39.7 405.089
39.8 414.698
39.9 422.879
40 429.896
40.1 438.662
40.2 451.469
40.3 455.965
40.4 465.436
40.5 469.935
40.6 482.086
40.7 490.019
40.8 497.12
40.9 506.013
41 512.507
41.1 522.317
41.2 529.869
41.3 538.164
41.4 540.63
41.5 545.648
41.6 545.82
41.7 542.756
41.8 542.79
41.9 548.533
42 554.083
42.1 557.886
42.2 559.976
42.3 562.512
42.4 567.98
42.5 571.822
42.6 575.308
42.7 574.413
42.8 579.244
42.9 584.564
43 586.229
43.1 590.991
43.2 590.276
43.3 591.39
43.4 591.911
43.5 590.135
43.6 591.864
43.7 592.966
43.8 593.874
43.9 596.079
44 597.389
44.1 597.909
44.2 600.198
44.3 603.709
44.4 608.414
44.5 614.387
44.6 615.633
44.7 620.415
44.8 627.266
44.9 626.949
45 622.836
45.1 624.009
45.2 624.207
45.3 624.022
45.4 623.611
45.5 624.953
45.6 627.489
45.7 627.589
45.8 631.384
45.9 633.213
46 634.762
46.1 635.399
46.2 635.549
46.3 634.298
46.4 634.027
46.5 634.621
46.6 633.647
46.7 635.67
46.8 641.367
46.9 644.174
47 644.059
47.1 646.324
47.2 650.004
47.3 652.576
47.4 652.909
47.5 653.745
47.6 655.806
47.7 660.671
47.8 663.379
47.9 664.123
48 659.651
48.1 660.953
48.2 658.343
48.3 656.686
48.4 657.507
48.5 658.038
48.6 659.082
48.7 656.445
48.8 655.857
48.9 654.55
49 654.015
49.1 655.131
49.2 652.354
49.3 652.275
49.4 651.025
49.5 644.967
49.6 641.795
49.7 643.573
49.8 641.347
49.9 636.171
50 635.808
50.1 637.333
50.2 635.437
50.3 629.918
50.4 621.597
50.5 619.097
50.6 613.893
50.7 606.188
50.8 598.533
50.9 587.784
51 582.74
51.1 572.644
51.2 565.638
51.3 557.755
51.4 552.569
51.5 550.834
51.6 546.622
51.7 542.966
51.8 542.002
51.9 543.963
52 540.981
52.1 536.928
52.2 533.2
52.3 528.633
52.4 525.253
52.5 522.876
52.6 520.203
52.7 513.914
52.8 507.927
52.9 502.713
53 498.413
53.1 490.24
53.2 486.816
53.3 484.224
53.4 482.853
53.5 480.005
53.6 478.332
53.7 478.24
53.8 476.697
53.9 473.329
54 474.698
54.1 473.525
54.2 466.625
54.3 468.668
54.4 463.927
54.5 459.314
54.6 456.288
54.7 452.985
54.8 444.245
54.9 440.335
55 437.56
55.1 431.917
55.2 427.257
55.3 423.57
55.4 417.947
55.5 416.664
55.6 413.46
55.7 408.799
55.8 405.455
55.9 404.729
56 405.824
56.1 406.174
56.2 407.946
56.3 408.227
56.4 408.745
56.5 410.749
56.6 406.752
56.7 405.68
56.8 404.526
56.9 407.447
57 404.572
57.1 403.783
57.2 402.983
57.3 401.098
57.4 402.978
57.5 402.913
57.6 399.66
57.7 398.966
57.8 401.316
57.9 398.135
58 396.831
58.1 398.058
58.2 400.641
58.3 394.405
58.4 390.011
58.5 386.124
58.6 385.17
58.7 382.621
58.8 382.518
58.9 386.881
59 384.038
59.1 379.102
59.2 378.73
59.3 385.447
59.4 382.723
59.5 382.902
59.6 380.204
59.7 380.866
59.8 382.533
59.9 382.69
60 385.35
60.1 384.534
60.2 385.695
60.3 387.726
60.4 389.831
60.5 396.006
60.6 403.027
60.7 406.191
60.8 408.892
60.9 411.779
61 417.512
61.1 422.341
61.2 419.88
61.3 424.482
61.4 429.53
61.5 429.467
61.6 432.934
61.7 432.831
61.8 431.931
61.9 432.333
62 431.532
62.1 433.951
62.2 436.184
62.3 436.692
62.4 436.435
62.5 438.17
62.6 441.943
62.7 444.129
62.8 446.306
62.9 441.911
63 447.707
63.1 448.482
63.2 449.622
63.3 453.182
63.4 461.299
63.5 466.163
63.6 469.878
63.7 472.479
63.8 472.878
63.9 472.076
64 470.382
64.1 471.262
64.2 473.637
64.3 474.18
64.4 474.059
64.5 478.377
64.6 481.302
64.7 484.26
64.8 485.814
64.9 489.593
65 494.056
65.1 496.015
65.2 500.13
65.3 502.716
65.4 507.424
65.5 512.203
65.6 515.773
65.7 518.12
65.8 523.275
65.9 527.975
66 532.506
66.1 534.193
66.2 534.083
66.3 544.911
66.4 545.623
66.5 548.411
66.6 554.587
66.7 558.979
66.8 567.634
66.9 577.908
67 589.436
67.1 592.102
67.2 596.032
67.3 598.206
67.4 606.415
67.5 613.051
67.6 620.262
67.7 627.688
67.8 640.882
67.9 651.871
68 671.271
68.1 682.413
68.2 694.601
68.3 704.068
68.4 713.456
68.5 719.723
68.6 731.336
68.7 744.603
68.8 754.007
68.9 765.733
69 776.606
69.1 789.013
69.2 803.045
69.3 814.422
69.4 822.778
69.5 831.582
69.6 836.009
69.7 842.437
69.8 851.156
69.9 860.311
70 866.156
70.1 870.855
70.2 877.174
70.3 887.652
70.4 895.505
70.5 901.646
70.6 908.459
70.7 919.409
70.8 923.783
70.9 929.769
71 938.046
71.1 944.284
71.2 948.544
71.3 952.645
71.4 954.221
71.5 958.861
71.6 966.83
71.7 967.42
71.8 969.654
71.9 970.738
72 971.27
72.1 966.397
72.2 970.576
72.3 974.012
72.4 979.773
72.5 980.228
72.6 983.153
72.7 980.677
72.8 975.89
72.9 968.304
73 961.347
73.1 950.19
73.2 942.39
73.3 934.516
73.4 927.238
73.5 925.126
73.6 921.911
73.7 918.099
73.8 913.394
73.9 913.058
74 910.449
74.1 905.132
74.2 898.702
74.3 892.957
74.4 887.892
74.5 886.473
74.6 879.902
74.7 880.383
74.8 878.477
74.9 876.926
75 872.813
75.1 867.292
75.2 865.104
75.3 863.706
75.4 855.277
75.5 851.806
75.6 849.823
75.7 847.524
75.8 840.952
75.9 837.687
76 834.192
76.1 828.294
76.2 826.766
76.3 824.76
76.4 828.975
76.5 826.593
76.6 824.971
76.7 822.232
76.8 823.963
76.9 821.526
77 821.077
77.1 822.979
77.2 829.299
77.3 832.964
77.4 830.638
77.5 829.752
77.6 828.486
77.7 828.538
77.8 827.462
77.9 831.22
78 830.306
78.1 826.861
78.2 828.098
78.3 825.488
78.4 826.071
78.5 826.94
78.6 824.323
78.7 820.188
78.8 817.161
78.9 810.64
79 802.231
79.1 796.126
79.2 790.01
79.3 785.823
79.4 782.707
79.5 780.224
79.6 774.624
79.7 774.263
79.8 772.014
79.9 770.491
80 769.173
80.1 765.242
80.2 762.404
80.3 758.577
80.4 753.094
80.5 753.338
80.6 749.599
80.7 744.621
80.8 739.579
80.9 735.012
81 728.044
81.1 720.567
81.2 713.14
81.3 707.156
81.4 700.257
81.5 688.522
81.6 681.114
81.7 677.408
81.8 667.913
81.9 660.379
82 655.342
82.1 650.255
82.2 641.526
82.3 633.048
82.4 626.383
82.5 620.961
82.6 611.199
82.7 607.341
82.8 602.123
82.9 600.772
83 595.359
83.1 591.91
83.2 593.432
83.3 586.443
83.4 583.679
83.5 581.161
83.6 577.226
83.7 576.931
83.8 576.911
83.9 576.414
84 579.534
84.1 582.805
84.2 590.151
84.3 593.883
84.4 596.703
84.5 598.211
84.6 598.396
84.7 600.896
84.8 596.261
84.9 595.273
85 593.941
85.1 590.269
85.2 592.63
85.3 593.949
85.4 600.471
85.5 605.764
85.6 604.294
85.7 603.566
85.8 603.338
85.9 605.833
86 611.051
86.1 618.434
86.2 625.359
86.3 629.373
86.4 632.266
86.5 635.14
86.6 641.418
86.7 648.348
86.8 648.564
86.9 656.532
87 661.573
87.1 664.307
87.2 663.322
87.3 663.437
87.4 664.341
87.5 662.236
87.6 665.213
87.7 671.141
87.8 677.674
87.9 679.783
88 681.167
88.1 681.719
88.2 685.481
88.3 686.802
88.4 692.949
88.5 696.653
88.6 695.731
88.7 699.261
88.8 699.212
88.9 701.809
89 703.651
89.1 709.228
89.2 710.3
89.3 707.892
89.4 712.11
89.5 712.088
89.6 716.965
89.7 717.595
89.8 715.307
89.9 716.5
90 717.037
90.1 721.375
90.2 724.199
90.3 727.77
90.4 729.35
90.5 727.695
90.6 724.883
90.7 726.253
90.8 727.941
90.9 729.615
91 729.535
91.1 726.226
91.2 723.837
91.3 721.237
91.4 723.57
91.5 721.635
91.6 723.26
91.7 723.369
91.8 726.949
91.9 729.605
92 729.501
92.1 731.883
92.2 738.541
92.3 744.041
92.4 753.917
92.5 759.545
92.6 763.06
92.7 765.787
92.8 768.179
92.9 765.361
93 764.183
93.1 761.531
93.2 764.021
93.3 763.386
93.4 764.168
93.5 761.488
93.6 765.334
93.7 768.056
93.8 768.435
93.9 770.921
94 770.256
94.1 770.827
94.2 769.693
94.3 776.021
94.4 776.446
94.5 779.208
94.6 783.038
94.7 779.886
94.8 783.568
94.9 789.893
95 796.842
95.1 795.969
95.2 794.183
95.3 796.695
95.4 794.054
95.5 793.671
95.6 795.893
95.7 799.252
95.8 799.176
95.9 805.073
96 803.294
96.1 807.177
96.2 810.113
96.3 813.885
96.4 815.067
96.5 817.119
96.6 824.35
96.7 828.098
96.8 827.892
96.9 823.448
97 823.026
97.1 822.776
97.2 825.003
97.3 823.24
97.4 820.847
97.5 817.549
97.6 817.47
97.7 821.365
97.8 823.723
97.9 823.976
98 825.561
98.1 831.084
98.2 839.76
98.3 842.851
98.4 850.283
98.5 857.688
98.6 863.523
98.7 865.577
98.8 868.895
98.9 873.825
99 878.209
99.1 884.424
99.2 887.61
99.3 890.618
99.4 891.161
99.5 894.213
99.6 894.606
99.7 894.428
99.8 896.845
99.9 896.143
100 898.54
100.1 899.025
100.2 903.451
100.3 908.087
100.4 911.023
100.5 915.414
100.6 919.596
100.7 922.842
100.8 930.52
100.9 938.424
101 939.306
101.1 948.855
101.2 949.353
101.3 953.282
101.4 958.078
101.5 964.034
101.6 969.393
101.7 970.012
101.8 970.172
101.9 976.96
102 985.23
102.1 989.19
102.2 995.027
102.3 998.333
102.4 1004.14
102.5 1012.34
102.6 1018.08
102.7 1025.48
102.8 1030.25
102.9 1035.05
103 1040.69
103.1 1043.28
103.2 1045.12
103.3 1041.85
103.4 1037.71
103.5 1036.88
103.6 1032.62
103.7 1034.46
103.8 1032.71
103.9 1036.33
104 1032.98
104.1 1030.83
104.2 1032.9
104.3 1033.8
104.4 1033.46
104.5 1032.86
104.6 1034.69
104.7 1035.3
104.8 1038.2
104.9 1040.89
105 1044.64
105.1 1045.73
105.2 1049.38
105.3 1053.83
105.4 1056.15
105.5 1058.64
105.6 1062.59
105.7 1067.56
105.8 1068.03
105.9 1064.22
106 1063.05
106.1 1066.3
106.2 1063.48
106.3 1066.06
106.4 1065.5
106.5 1062.34
106.6 1062.03
106.7 1060.05
