#Frame        C2B[UU]
       1            1
       2            2
       3            3
       4            2
       5            1
       6            2
       7            2
       8            2
       9            1
      10            1
      11            3
      12            0
      13            0
      14            1
      15            1
      16            3
      17            2
      18            3
      19            2
      20            0
      21            1
      22            1
      23            0
      24            3
      25            1
      26            2
      27            2
      28            3
      29            2
      30            2
      31            3
      32            3
      33            2
      34            2
      35            1
      36            4
      37            2
      38            2
      39            3
      40            3
      41            2
      42            4
      43            2
      44            2
      45            2
      46            3
      47            2
      48            2
      49            2
      50            2
      51            3
      52            2
      53            2
      54            4
      55            2
      56            2
      57            2
      58            3
      59            3
      60            1
      61            1
      62            1
      63            0
      64            0
      65            1
      66            2
      67            1
      68            1
      69            1
      70            2
      71            1
      72            2
      73            1
      74            0
      75            0
      76            0
      77            1
      78            0
      79            0
      80            0
      81            0
      82            0
      83            0
      84            0
      85            0
      86            0
      87            0
      88            0
      89            0
      90            0
      91            1
      92            0
      93            0
      94            0
      95            0
      96            1
      97            0
      98            1
      99            0
     100            0
     101            3
     102            1
     103            2
     104            2
     105            1
     106            1
     107            2
     108            0
     109            1
     110            2
     111            1
     112            2
     113            1
     114            1
     115            3
     116            0
     117            1
     118            1
     119            1
     120            1
     121            0
     122            0
     123            1
     124            0
     125            0
     126            1
     127            0
     128            1
     129            1
     130            0
     131            1
     132            2
     133            3
     134            4
     135            3
     136            2
     137            4
     138            1
     139            3
     140            0
     141            3
     142            3
     143            1
     144            1
     145            1
     146            1
     147            0
     148            2
     149            4
     150            4
     151            4
     152            3
     153            3
     154            4
     155            3
     156            3
     157            4
     158            3
     159            1
     160            1
     161            0
     162            1
     163            2
     164            1
     165            1
     166            1
     167            1
     168            1
     169            1
     170            2
     171            1
     172            2
     173            2
     174            2
     175            2
     176            2
     177            3
     178            2
     179            2
     180            2
     181            2
     182            2
     183            2
     184            0
     185            2
     186            1
     187            2
     188            2
     189            2
     190            2
     191            2
     192            1
     193            3
     194            2
     195            1
     196            2
     197            2
     198            3
     199            1
     200            2
     201            1
     202            2
     203            1
     204            2
     205            2
     206            1
     207            3
     208            2
     209            1
     210            2
     211            1
     212            1
     213            2
     214            2
     215            1
     216            3
     217            0
     218            1
     219            1
     220            2
     221            1
     222            3
     223            1
     224            2
     225            1
     226            1
     227            1
     228            1
     229            2
     230            0
     231            0
     232            1
     233            2
     234            2
     235            2
     236            0
     237            2
     238            1
     239            0
     240            1
     241            1
     242            1
     243            1
     244            3
     245            1
     246            3
     247            4
     248            3
     249            3
     250            4
     251            4
     252            1
     253            1
     254            1
     255            2
     256            3
     257            2
     258            1
     259            0
     260            1
     261            1
     262            1
     263            1
     264            0
     265            1
     266            1
     267            1
     268            0
     269            1
     270            1
     271            0
     272            0
     273            0
     274            1
     275            1
     276            1
     277            2
     278            0
     279            1
     280            0
     281            1
     282            0
     283            1
     284            0
     285            1
     286            1
     287            1
     288            1
     289            0
     290            0
     291            0
     292            0
     293            1
     294            1
     295            1
     296            2
     297            2
     298            1
     299            0
     300            0
     301            0
     302            0
     303            1
     304            1
     305            1
     306            1
     307            1
     308            1
     309            1
     310            1
     311            1
     312            1
     313            2
     314            1
     315            0
     316            1
     317            1
     318            2
     319            1
     320            1
     321            1
     322            0
     323            3
     324            3
     325            1
     326            4
     327            4
     328            2
     329            4
     330            3
     331            3
     332            4
     333            3
     334            3
     335            0
     336            0
     337            0
     338            1
     339            2
     340            2
     341            4
     342            4
     343            3
     344            2
     345            3
     346            2
     347            2
     348            2
     349            5
     350            3
     351            2
     352            4
     353            2
     354            4
     355            5
     356            3
     357            5
     358            4
     359            3
     360            3
     361            2
     362            1
     363            2
     364            2
     365            1
     366            2
     367            2
     368            2
     369            2
     370            1
     371            2
     372            1
     373            2
     374            2
     375            2
     376            1
     377            2
     378            2
     379            2
     380            2
     381            2
     382            2
     383            2
     384            2
     385            2
     386            1
     387            1
     388            1
     389            2
     390            1
     391            2
     392            1
     393            2
     394            1
     395            1
     396            1
     397            1
     398            1
     399            0
     400            0
     401            2
     402            4
     403            4
     404            3
     405            2
     406            4
     407            3
     408            2
     409            3
     410            2
     411            2
     412            2
     413            2
     414            4
     415            2
     416            4
     417            3
     418            3
     419            3
     420            4
     421            2
     422            2
     423            3
     424            2
     425            4
     426            3
     427            3
     428            4
     429            6
     430            6
     431            6
     432            5
     433            4
     434            4
     435            4
     436            5
     437            6
     438            5
     439            6
     440            6
     441            5
     442            7
     443            3
     444            3
     445            3
     446            5
     447            6
     448            4
     449            3
     450            5
     451            4
     452            4
     453            4
     454            4
     455            5
     456            6
     457            5
     458            5
     459            5
     460            6
     461            6
     462            5
     463            5
     464            4
     465            4
     466            6
     467            4
     468            5
     469            4
     470            3
     471            5
     472            4
     473            4
     474            4
     475            5
     476            3
     477            5
     478            5
     479            7
     480            7
     481            7
     482            7
     483            8
     484            6
     485            4
     486            3
     487            4
     488            5
     489            4
     490            3
     491            2
     492            2
     493            4
     494            2
     495            2
     496            6
     497            5
     498            3
     499            2
     500            2
     501            1
     502            4
     503            3
     504            3
     505            4
     506            4
     507            3
     508            4
     509            3
     510            4
     511            2
     512            1
     513            1
     514            4
     515            2
     516            4
     517            1
     518            1
     519            1
     520            1
     521            2
     522            0
     523            0
     524            0
     525            0
     526            1
     527            0
     528            2
     529            3
     530            3
     531            1
     532            1
     533            2
     534            4
     535            4
     536            4
     537            6
     538            3
     539            3
     540            3
     541            1
     542            1
     543            2
     544            1
     545            1
     546            1
     547            2
     548            2
     549            3
     550            2
     551            2
     552            2
     553            1
     554            2
     555            1
     556            1
     557            1
     558            1
     559            1
     560            1
     561            1
     562            2
     563            2
     564            2
     565            1
     566            3
     567            0
     568            1
     569            1
     570            1
     571            1
     572            1
     573            1
     574            0
     575            1
     576            1
     577            0
     578            0
     579            0
     580            2
     581            0
     582            1
     583            1
     584            1
     585            1
     586            1
     587            1
     588            1
     589            1
     590            1
     591            1
     592            1
     593            1
     594            1
     595            1
     596            2
     597            0
     598            0
     599            0
     600            0
     601            0
     602            0
     603            0
     604            0
     605            0
     606            1
     607            1
     608            1
     609            0
     610            0
     611            1
     612            0
     613            1
     614            0
     615            0
     616            0
     617            0
     618            0
     619            0
     620            0
     621            0
     622            0
     623            0
     624            0
     625            0
     626            0
     627            0
     628            0
     629            0
     630            0
     631            0
     632            0
     633            0
     634            0
     635            0
     636            0
     637            0
     638            0
     639            0
     640            0
     641            0
     642            0
     643            0
     644            0
     645            0
     646            0
     647            0
     648            0
     649            0
     650            0
     651            0
     652            0
     653            0
     654            1
     655            0
     656            0
     657            0
     658            0
     659            0
     660            0
     661            0
     662            0
     663            0
     664            0
     665            0
     666            0
     667            0
     668            0
     669            0
     670            0
     671            0
     672            1
     673            1
     674            0
     675            0
     676            0
     677            0
     678            0
     679            0
     680            0
     681            0
     682            0
     683            0
     684            0
     685            0
     686            0
     687            0
     688            0
     689            0
     690            0
     691            0
     692            0
     693            0
     694            1
     695            1
     696            0
     697            0
     698            0
     699            0
     700            0
     701            0
     702            0
     703            0
     704            0
     705            0
     706            0
     707            0
     708            0
     709            0
     710            0
     711            0
     712            0
     713            0
     714            0
     715            1
     716            0
     717            0
     718            0
     719            0
     720            0
     721            0
     722            0
     723            0
     724            0
     725            0
     726            0
     727            0
     728            0
     729            0
     730            0
     731            0
     732            0
     733            0
     734            0
     735            0
     736            0
     737            0
     738            0
     739            0
     740            0
     741            0
     742            0
     743            0
     744            0
     745            0
     746            0
     747            0
     748            0
     749            0
     750            0
     751            0
     752            0
     753            0
     754            0
     755            0
     756            0
     757            0
     758            0
     759            0
     760            1
     761            0
     762            0
     763            0
     764            0
     765            0
     766            0
     767            0
     768            0
     769            0
     770            0
     771            0
     772            0
     773            0
     774            0
     775            0
     776            0
     777            0
     778            0
     779            0
     780            0
     781            0
     782            0
     783            0
     784            0
     785            0
     786            0
     787            1
     788            0
     789            0
     790            0
     791            0
     792            1
     793            0
     794            0
     795            0
     796            0
     797            0
     798            0
     799            0
     800            0
     801            0
     802            0
     803            0
     804            0
     805            0
     806            0
     807            0
     808            0
     809            0
     810            0
     811            0
     812            0
     813            0
     814            0
     815            0
     816            0
     817            0
     818            0
     819            0
     820            0
     821            0
     822            0
     823            0
     824            0
     825            0
     826            0
     827            0
     828            0
     829            0
     830            0
     831            0
     832            0
     833            0
     834            0
     835            0
     836            0
     837            0
     838            0
     839            0
     840            0
     841            0
     842            0
     843            0
     844            0
     845            0
     846            0
     847            0
     848            0
     849            0
     850            0
     851            0
     852            0
     853            0
     854            0
     855            0
     856            0
     857            0
     858            0
     859            0
     860            0
     861            0
     862            0
     863            0
     864            0
     865            0
     866            0
     867            0
     868            0
     869            0
     870            0
     871            0
     872            0
     873            0
     874            0
     875            0
     876            0
     877            0
     878            0
     879            0
     880            0
     881            0
     882            0
     883            0
     884            0
     885            0
     886            0
     887            0
     888            0
     889            0
     890            0
     891            0
     892            0
     893            1
     894            0
     895            0
     896            0
     897            0
     898            0
     899            0
     900            0
     901            0
     902            0
     903            0
     904            0
     905            0
     906            0
     907            0
     908            0
     909            0
     910            0
     911            0
     912            0
     913            0
     914            0
     915            0
     916            0
     917            0
     918            0
     919            0
     920            0
     921            0
     922            0
     923            0
     924            0
     925            0
     926            0
     927            0
     928            0
     929            0
     930            0
     931            0
     932            0
     933            0
     934            0
     935            0
     936            0
     937            0
     938            0
     939            0
     940            0
     941            0
     942            0
     943            0
     944            0
     945            0
     946            0
     947            0
     948            0
     949            0
     950            0
     951            0
     952            0
     953            0
     954            0
     955            0
     956            0
     957            0
     958            0
     959            0
     960            0
     961            0
     962            0
     963            0
     964            0
     965            0
     966            0
     967            1
     968            0
     969            0
     970            0
     971            0
     972            0
     973            1
     974            0
     975            0
     976            0
     977            0
     978            0
     979            0
     980            0
     981            0
     982            0
     983            0
     984            0
     985            0
     986            0
     987            0
     988            0
     989            0
     990            0
     991            0
     992            0
     993            0
     994            0
     995            0
     996            0
     997            0
     998            0
     999            0
    1000            0
    1001            0
    1002            0
    1003            0
    1004            0
    1005            0
    1006            0
    1007            0
    1008            0
    1009            0
    1010            1
    1011            0
    1012            0
    1013            1
    1014            0
    1015            0
    1016            0
    1017            0
    1018            0
    1019            0
    1020            0
    1021            0
    1022            0
    1023            0
    1024            0
    1025            0
    1026            0
    1027            0
    1028            0
    1029            0
    1030            0
    1031            1
    1032            0
    1033            0
    1034            0
    1035            0
    1036            0
    1037            0
    1038            0
    1039            0
    1040            0
    1041            0
    1042            0
    1043            0
    1044            0
    1045            0
    1046            0
    1047            0
    1048            0
    1049            0
    1050            0
    1051            0
    1052            0
    1053            0
    1054            0
    1055            0
    1056            0
    1057            0
    1058            0
    1059            0
    1060            0
    1061            0
    1062            0
    1063            0
    1064            0
    1065            0
    1066            0
    1067            0
    1068            0
    1069            0
    1070            0
    1071            0
