#Frame        C2B[UU]
       1            1
       2            1
       3            1
       4            1
       5            1
       6            1
       7            2
       8            1
       9            1
      10            1
      11            1
      12            2
      13            1
      14            2
      15            2
      16            3
      17            2
      18            1
      19            1
      20            1
      21            3
      22            1
      23            3
      24            3
      25            2
      26            3
      27            2
      28            3
      29            2
      30            3
      31            2
      32            2
      33            2
      34            4
      35            2
      36            3
      37            1
      38            1
      39            4
      40            2
      41            1
      42            2
      43            1
      44            3
      45            1
      46            1
      47            4
      48            3
      49            2
      50            1
      51            1
      52            3
      53            4
      54            3
      55            3
      56            1
      57            3
      58            3
      59            0
      60            0
      61            1
      62            1
      63            0
      64            2
      65            1
      66            1
      67            1
      68            1
      69            1
      70            1
      71            1
      72            2
      73            2
      74            2
      75            1
      76            2
      77            1
      78            2
      79            1
      80            1
      81            1
      82            2
      83            1
      84            2
      85            1
      86            2
      87            1
      88            2
      89            3
      90            3
      91            2
      92            4
      93            2
      94            3
      95            4
      96            1
      97            1
      98            3
      99            2
     100            3
     101            1
     102            0
     103            1
     104            1
     105            0
     106            1
     107            2
     108            2
     109            0
     110            1
     111            0
     112            1
     113            1
     114            1
     115            0
     116            1
     117            0
     118            2
     119            1
     120            2
     121            2
     122            3
     123            4
     124            3
     125            2
     126            2
     127            2
     128            2
     129            2
     130            2
     131            1
     132            0
     133            2
     134            0
     135            0
     136            2
     137            0
     138            1
     139            1
     140            2
     141            1
     142            2
     143            2
     144            2
     145            2
     146            3
     147            2
     148            1
     149            1
     150            3
     151            2
     152            1
     153            2
     154            1
     155            3
     156            2
     157            2
     158            1
     159            3
     160            5
     161            4
     162            2
     163            3
     164            3
     165            3
     166            1
     167            3
     168            2
     169            4
     170            3
     171            4
     172            2
     173            4
     174            4
     175            5
     176            5
     177            2
     178            4
     179            3
     180            3
     181            2
     182            1
     183            4
     184            0
     185            3
     186            2
     187            1
     188            2
     189            2
     190            2
     191            3
     192            2
     193            2
     194            1
     195            1
     196            1
     197            3
     198            2
     199            3
     200            3
     201            4
     202            2
     203            2
     204            1
     205            2
     206            3
     207            2
     208            3
     209            4
     210            2
     211            2
     212            2
     213            2
     214            3
     215            2
     216            2
     217            1
     218            1
     219            3
     220            2
     221            3
     222            3
     223            2
     224            3
     225            3
     226            3
     227            1
     228            3
     229            1
     230            2
     231            1
     232            4
     233            3
     234            3
     235            3
     236            3
     237            2
     238            3
     239            3
     240            3
     241            3
     242            3
     243            2
     244            4
     245            3
     246            3
     247            3
     248            3
     249            3
     250            3
     251            3
     252            3
     253            4
     254            3
     255            4
     256            3
     257            2
     258            3
     259            3
     260            3
     261            3
     262            3
     263            2
     264            3
     265            2
     266            3
     267            4
     268            4
     269            3
     270            4
     271            3
     272            3
     273            2
     274            2
     275            3
     276            3
     277            3
     278            3
     279            3
     280            4
     281            2
     282            2
     283            3
     284            3
     285            2
     286            3
     287            2
     288            4
     289            5
     290            4
     291            4
     292            4
     293            4
     294            4
     295            4
     296            4
     297            4
     298            3
     299            4
     300            4
     301            4
     302            3
     303            5
     304            4
     305            3
     306            3
     307            3
     308            3
     309            4
     310            2
     311            4
     312            3
     313            5
     314            4
     315            4
     316            4
     317            4
     318            4
     319            4
     320            3
     321            4
     322            3
     323            3
     324            3
     325            4
     326            4
     327            3
     328            3
     329            2
     330            3
     331            4
     332            3
     333            3
     334            3
     335            4
     336            3
     337            3
     338            3
     339            2
     340            4
     341            2
     342            3
     343            4
     344            3
     345            3
     346            3
     347            3
     348            2
     349            4
     350            4
     351            4
     352            2
     353            3
     354            2
     355            3
     356            2
     357            2
     358            2
     359            2
     360            3
     361            3
     362            3
     363            3
     364            3
     365            2
     366            3
     367            3
     368            3
     369            3
     370            3
     371            2
     372            4
     373            3
     374            4
     375            4
     376            5
     377            3
     378            4
     379            4
     380            3
     381            4
     382            3
     383            1
     384            3
     385            4
     386            2
     387            3
     388            3
     389            3
     390            3
     391            3
     392            2
     393            3
     394            1
     395            4
     396            3
     397            3
     398            3
     399            3
     400            3
     401            2
     402            3
     403            3
     404            2
     405            3
     406            3
     407            3
     408            3
     409            3
     410            3
     411            4
     412            4
     413            2
     414            4
     415            1
     416            2
     417            2
     418            2
     419            2
     420            2
     421            2
     422            3
     423            2
     424            3
     425            3
     426            2
     427            2
     428            2
     429            2
     430            2
     431            2
     432            2
     433            1
     434            3
     435            2
     436            1
     437            2
     438            2
     439            2
     440            2
     441            2
     442            1
     443            1
     444            1
     445            1
     446            1
     447            1
     448            2
     449            1
     450            1
     451            1
     452            2
     453            2
     454            2
     455            2
     456            3
     457            3
     458            2
     459            2
     460            3
     461            1
     462            1
     463            3
     464            2
     465            1
     466            3
     467            2
     468            2
     469            3
     470            2
     471            1
     472            1
     473            0
     474            0
     475            0
     476            2
     477            0
     478            1
     479            2
     480            3
     481            2
     482            2
     483            0
     484            2
     485            1
     486            1
     487            2
     488            4
     489            2
     490            2
     491            2
     492            2
     493            1
     494            3
     495            2
     496            2
     497            2
     498            1
     499            1
     500            2
     501            2
     502            1
     503            1
     504            1
     505            3
     506            4
     507            3
     508            2
     509            2
     510            2
     511            2
     512            3
     513            3
     514            1
     515            3
     516            5
     517            0
     518            1
     519            2
     520            2
     521            1
     522            1
     523            1
     524            1
     525            1
     526            1
     527            1
     528            2
     529            1
     530            0
     531            0
     532            3
     533            7
     534            2
     535            3
     536            1
     537            4
     538            2
     539            3
     540            5
     541            5
     542            4
     543            4
     544            4
     545            6
     546            5
     547            3
     548            3
     549            3
     550            6
     551            3
     552            5
     553            4
     554            4
     555            4
     556            6
     557            6
     558            4
     559            3
     560            5
     561            3
     562            4
     563            4
     564            4
     565            4
     566            5
     567            6
     568            5
     569            5
     570            4
     571            1
     572            2
     573            2
     574            3
     575            0
     576            1
     577            1
     578            1
     579            2
     580            2
     581            1
     582            0
     583            0
     584            0
     585            0
     586            2
     587            0
     588            0
     589            0
     590            0
     591            0
     592            0
     593            0
     594            0
     595            1
     596            0
     597            0
     598            0
     599            0
     600            0
     601            1
     602            0
     603            0
     604            0
     605            0
     606            1
     607            0
     608            1
     609            0
     610            0
     611            0
     612            0
     613            0
     614            0
     615            0
     616            0
     617            0
     618            0
     619            3
     620            2
     621            2
     622            0
     623            0
     624            0
     625            0
     626            0
     627            0
     628            0
     629            1
     630            0
     631            1
     632            1
     633            2
     634            1
     635            1
     636            0
     637            1
     638            0
     639            1
     640            0
     641            0
     642            0
     643            1
     644            1
     645            1
     646            2
     647            2
     648            1
     649            1
     650            1
     651            1
     652            1
     653            2
     654            1
     655            1
     656            1
     657            1
     658            2
     659            1
     660            0
     661            1
     662            1
     663            1
     664            2
     665            1
     666            2
     667            1
     668            1
     669            2
     670            1
     671            1
     672            1
     673            1
     674            1
     675            1
     676            1
     677            2
     678            1
     679            0
     680            2
     681            0
     682            1
     683            2
     684            1
     685            0
     686            0
     687            0
     688            0
     689            0
     690            0
     691            0
     692            1
     693            1
     694            0
     695            1
     696            1
     697            2
     698            1
     699            1
     700            0
     701            0
     702            2
     703            2
     704            0
     705            0
     706            0
     707            0
     708            0
     709            0
     710            0
     711            0
     712            0
     713            0
     714            0
     715            0
     716            0
     717            0
     718            0
     719            0
     720            0
     721            0
     722            0
     723            0
     724            0
     725            0
     726            0
     727            0
     728            0
     729            0
     730            0
     731            0
     732            0
     733            0
     734            0
     735            0
     736            0
     737            0
     738            0
     739            0
     740            0
     741            0
     742            0
     743            0
     744            0
     745            0
     746            0
     747            0
     748            0
     749            0
     750            0
     751            0
     752            0
     753            0
     754            0
     755            0
     756            0
     757            0
     758            0
     759            0
     760            0
     761            0
     762            0
     763            0
     764            1
     765            0
     766            0
     767            0
     768            0
     769            0
     770            0
     771            0
     772            0
     773            0
     774            0
     775            1
     776            0
     777            0
     778            0
     779            0
     780            0
     781            0
     782            0
     783            0
     784            0
     785            0
     786            0
     787            0
     788            0
     789            0
     790            1
     791            0
     792            0
     793            0
     794            0
     795            0
     796            0
     797            0
     798            0
     799            0
     800            0
     801            0
     802            0
     803            0
     804            0
     805            0
     806            0
     807            0
     808            0
     809            0
     810            0
     811            0
     812            0
     813            0
     814            0
     815            0
     816            0
     817            0
     818            0
     819            0
     820            0
     821            0
     822            0
     823            0
     824            0
     825            0
     826            0
     827            0
     828            0
     829            0
     830            0
     831            0
     832            0
     833            0
     834            0
     835            0
     836            0
     837            0
     838            0
     839            0
     840            0
     841            0
     842            0
     843            0
     844            0
     845            0
     846            0
     847            0
     848            0
     849            0
     850            0
     851            0
     852            0
     853            0
     854            0
     855            0
     856            0
     857            0
     858            0
     859            0
     860            0
     861            0
     862            0
     863            0
     864            0
     865            0
     866            0
     867            0
     868            0
     869            0
     870            0
     871            0
     872            0
     873            0
     874            0
     875            0
     876            0
     877            0
     878            0
     879            0
     880            0
     881            0
     882            0
     883            0
     884            0
     885            0
     886            0
     887            0
     888            0
     889            0
     890            0
     891            1
     892            0
     893            0
     894            0
     895            0
     896            0
     897            0
     898            0
     899            0
     900            0
     901            0
     902            0
     903            0
     904            0
     905            0
     906            0
     907            0
     908            0
     909            0
     910            0
     911            0
     912            0
     913            0
     914            1
     915            0
     916            0
     917            0
     918            0
     919            0
     920            0
     921            0
     922            0
     923            0
     924            0
     925            0
     926            0
     927            0
     928            0
     929            0
     930            0
     931            0
     932            0
     933            0
     934            0
     935            0
     936            0
     937            0
     938            0
     939            0
     940            0
     941            0
     942            0
     943            0
     944            0
     945            0
     946            0
     947            0
     948            0
     949            0
     950            0
     951            0
     952            0
     953            0
     954            0
     955            0
     956            0
     957            0
     958            0
     959            0
     960            0
     961            0
     962            0
     963            0
     964            0
     965            0
     966            0
     967            0
     968            0
     969            0
     970            0
     971            0
     972            0
     973            0
     974            0
     975            0
     976            0
     977            0
     978            0
     979            0
     980            0
     981            0
     982            0
     983            0
     984            0
     985            0
     986            0
     987            0
     988            0
     989            0
     990            0
     991            0
     992            0
     993            0
     994            0
     995            0
     996            0
     997            0
     998            0
     999            0
    1000            0
    1001            0
    1002            0
    1003            0
    1004            0
    1005            0
    1006            0
    1007            0
    1008            0
    1009            0
    1010            0
    1011            0
    1012            0
    1013            0
    1014            0
    1015            0
    1016            0
    1017            0
    1018            0
    1019            0
    1020            0
    1021            0
    1022            0
    1023            0
    1024            0
    1025            0
    1026            0
    1027            0
    1028            0
    1029            0
    1030            0
    1031            0
    1032            0
    1033            1
    1034            0
    1035            1
    1036            0
    1037            1
    1038            0
    1039            0
    1040            0
    1041            0
    1042            0
    1043            0
    1044            0
    1045            0
    1046            0
    1047            0
    1048            0
    1049            0
    1050            0
    1051            0
    1052            0
    1053            0
    1054            0
    1055            0
    1056            0
    1057            0
    1058            1
    1059            1
    1060            1
    1061            1
    1062            1
    1063            0
    1064            0
    1065            0
    1066            0
    1067            0
    1068            0
    1069            0
    1070            0
    1071            0
    1072            0
