#Frame        C2B[UU]
       1            1
       2            2
       3            1
       4            1
       5            1
       6            0
       7            1
       8            3
       9            1
      10            1
      11            1
      12            1
      13            1
      14            1
      15            1
      16            1
      17            1
      18            1
      19            1
      20            1
      21            1
      22            1
      23            1
      24            1
      25            1
      26            1
      27            2
      28            2
      29            2
      30            2
      31            2
      32            2
      33            1
      34            0
      35            0
      36            0
      37            1
      38            0
      39            1
      40            1
      41            2
      42            0
      43            2
      44            1
      45            0
      46            1
      47            1
      48            2
      49            1
      50            0
      51            0
      52            2
      53            1
      54            1
      55            1
      56            1
      57            0
      58            2
      59            1
      60            1
      61            1
      62            1
      63            2
      64            3
      65            1
      66            1
      67            1
      68            0
      69            1
      70            0
      71            0
      72            1
      73            1
      74            2
      75            3
      76            3
      77            1
      78            1
      79            1
      80            0
      81            1
      82            1
      83            1
      84            1
      85            2
      86            1
      87            1
      88            0
      89            0
      90            0
      91            1
      92            0
      93            0
      94            0
      95            0
      96            0
      97            0
      98            1
      99            1
     100            0
     101            1
     102            0
     103            0
     104            1
     105            1
     106            0
     107            0
     108            1
     109            1
     110            0
     111            1
     112            0
     113            1
     114            1
     115            0
     116            0
     117            0
     118            1
     119            1
     120            1
     121            0
     122            0
     123            0
     124            0
     125            0
     126            0
     127            3
     128            3
     129            2
     130            3
     131            3
     132            3
     133            2
     134            2
     135            2
     136            2
     137            2
     138            2
     139            2
     140            3
     141            3
     142            2
     143            3
     144            3
     145            2
     146            2
     147            1
     148            2
     149            2
     150            2
     151            2
     152            2
     153            2
     154            2
     155            2
     156            2
     157            1
     158            2
     159            2
     160            2
     161            2
     162            2
     163            0
     164            1
     165            2
     166            2
     167            2
     168            1
     169            2
     170            2
     171            2
     172            2
     173            1
     174            3
     175            1
     176            2
     177            2
     178            2
     179            1
     180            1
     181            1
     182            1
     183            3
     184            3
     185            2
     186            3
     187            3
     188            3
     189            2
     190            1
     191            2
     192            2
     193            2
     194            2
     195            2
     196            2
     197            2
     198            2
     199            1
     200            1
     201            2
     202            2
     203            2
     204            1
     205            3
     206            2
     207            3
     208            4
     209            4
     210            2
     211            1
     212            1
     213            2
     214            2
     215            2
     216            2
     217            2
     218            1
     219            2
     220            2
     221            2
     222            2
     223            2
     224            2
     225            2
     226            2
     227            2
     228            3
     229            3
     230            3
     231            2
     232            2
     233            2
     234            3
     235            3
     236            2
     237            3
     238            3
     239            3
     240            3
     241            3
     242            3
     243            3
     244            3
     245            3
     246            3
     247            4
     248            4
     249            4
     250            3
     251            2
     252            2
     253            3
     254            3
     255            2
     256            2
     257            2
     258            1
     259            2
     260            1
     261            1
     262            2
     263            0
     264            3
     265            1
     266            1
     267            1
     268            1
     269            0
     270            1
     271            2
     272            2
     273            2
     274            0
     275            2
     276            2
     277            1
     278            1
     279            0
     280            1
     281            3
     282            2
     283            0
     284            1
     285            2
     286            0
     287            2
     288            1
     289            2
     290            2
     291            3
     292            1
     293            2
     294            3
     295            3
     296            1
     297            4
     298            3
     299            3
     300            2
     301            1
     302            0
     303            1
     304            1
     305            1
     306            2
     307            3
     308            2
     309            1
     310            4
     311            1
     312            4
     313            2
     314            3
     315            1
     316            3
     317            1
     318            2
     319            2
     320            2
     321            3
     322            1
     323            1
     324            0
     325            1
     326            2
     327            1
     328            2
     329            3
     330            0
     331            2
     332            1
     333            4
     334            2
     335            3
     336            1
     337            0
     338            1
     339            1
     340            0
     341            1
     342            0
     343            0
     344            0
     345            0
     346            1
     347            0
     348            1
     349            0
     350            0
     351            0
     352            0
     353            1
     354            0
     355            0
     356            1
     357            1
     358            1
     359            2
     360            1
     361            3
     362            2
     363            1
     364            1
     365            3
     366            1
     367            2
     368            2
     369            2
     370            2
     371            0
     372            3
     373            5
     374            7
     375            3
     376            4
     377            4
     378            4
     379            4
     380            4
     381            4
     382            8
     383            4
     384            6
     385            4
     386            4
     387            3
     388            3
     389            3
     390            4
     391            3
     392            4
     393            6
     394            3
     395            3
     396            3
     397            3
     398            2
     399            3
     400            3
     401            3
     402            3
     403            4
     404            3
     405            4
     406            2
     407            3
     408            0
     409            4
     410            2
     411            3
     412            2
     413            2
     414            4
     415            3
     416            1
     417            1
     418            1
     419            2
     420            2
     421            4
     422            5
     423            4
     424            2
     425            1
     426            3
     427            2
     428            3
     429            3
     430            2
     431            4
     432            4
     433            2
     434            2
     435            1
     436            3
     437            3
     438            3
     439            2
     440            2
     441            3
     442            3
     443            3
     444            2
     445            3
     446            3
     447            3
     448            2
     449            2
     450            3
     451            4
     452            3
     453            3
     454            2
     455            2
     456            2
     457            4
     458            4
     459            3
     460            3
     461            3
     462            3
     463            2
     464            5
     465            4
     466            3
     467            3
     468            3
     469            4
     470            2
     471            4
     472            4
     473            3
     474            4
     475            4
     476            4
     477            4
     478            3
     479            5
     480            3
     481            2
     482            3
     483            4
     484            4
     485            4
     486            3
     487            4
     488            3
     489            3
     490            1
     491            3
     492            2
     493            2
     494            0
     495            1
     496            1
     497            1
     498            1
     499            2
     500            2
     501            2
     502            1
     503            3
     504            1
     505            1
     506            1
     507            1
     508            3
     509            3
     510            0
     511            3
     512            3
     513            1
     514            0
     515            0
     516            2
     517            4
     518            2
     519            3
     520            3
     521            3
     522            0
     523            2
     524            4
     525            3
     526            4
     527            1
     528            2
     529            3
     530            3
     531            1
     532            0
     533            1
     534            0
     535            1
     536            1
     537            0
     538            2
     539            3
     540            1
     541            2
     542            1
     543            2
     544            2
     545            1
     546            2
     547            0
     548            0
     549            0
     550            0
     551            2
     552            0
     553            0
     554            0
     555            0
     556            0
     557            1
     558            0
     559            0
     560            0
     561            1
     562            0
     563            0
     564            0
     565            0
     566            0
     567            1
     568            0
     569            0
     570            0
     571            1
     572            0
     573            0
     574            0
     575            0
     576            0
     577            0
     578            0
     579            0
     580            0
     581            0
     582            0
     583            0
     584            0
     585            0
     586            0
     587            0
     588            0
     589            0
     590            0
     591            0
     592            0
     593            0
     594            0
     595            0
     596            0
     597            0
     598            0
     599            0
     600            0
     601            0
     602            0
     603            0
     604            0
     605            0
     606            0
     607            0
     608            0
     609            0
     610            0
     611            0
     612            0
     613            0
     614            0
     615            0
     616            0
     617            0
     618            0
     619            0
     620            0
     621            0
     622            0
     623            0
     624            0
     625            0
     626            0
     627            0
     628            0
     629            0
     630            0
     631            0
     632            0
     633            0
     634            0
     635            0
     636            0
     637            0
     638            0
     639            0
     640            0
     641            0
     642            0
     643            0
     644            0
     645            0
     646            0
     647            0
     648            0
     649            0
     650            0
     651            0
     652            0
     653            0
     654            0
     655            0
     656            0
     657            0
     658            0
     659            0
     660            0
     661            0
     662            0
     663            0
     664            0
     665            0
     666            0
     667            0
     668            0
     669            0
     670            0
     671            0
     672            0
     673            0
     674            0
     675            0
     676            0
     677            0
     678            0
     679            0
     680            0
     681            0
     682            0
     683            0
     684            1
     685            1
     686            0
     687            0
     688            0
     689            0
     690            0
     691            0
     692            0
     693            0
     694            0
     695            0
     696            0
     697            0
     698            0
     699            0
     700            0
     701            0
     702            0
     703            0
     704            0
     705            0
     706            0
     707            0
     708            0
     709            0
     710            0
     711            0
     712            0
     713            0
     714            0
     715            0
     716            0
     717            0
     718            0
     719            0
     720            0
     721            0
     722            0
     723            0
     724            0
     725            0
     726            0
     727            0
     728            0
     729            0
     730            0
     731            0
     732            0
     733            0
     734            0
     735            0
     736            0
     737            0
     738            0
     739            0
     740            0
     741            0
     742            0
     743            0
     744            0
     745            0
     746            1
     747            1
     748            0
     749            0
     750            0
     751            0
     752            0
     753            0
     754            0
     755            0
     756            0
     757            0
     758            0
     759            0
     760            0
     761            0
     762            0
     763            0
     764            0
     765            0
     766            0
     767            0
     768            0
     769            0
     770            0
     771            0
     772            0
     773            0
     774            0
     775            0
     776            0
     777            0
     778            0
     779            0
     780            0
     781            0
     782            0
     783            1
     784            0
     785            0
     786            0
     787            0
     788            0
     789            0
     790            0
     791            0
     792            0
     793            0
     794            0
     795            0
     796            0
     797            0
     798            0
     799            0
     800            0
     801            0
     802            0
     803            0
     804            0
     805            0
     806            0
     807            0
     808            0
     809            0
     810            0
     811            0
     812            0
     813            0
     814            0
     815            0
     816            0
     817            0
     818            0
     819            0
     820            0
     821            0
     822            0
     823            0
     824            0
     825            0
     826            0
     827            0
     828            0
     829            0
     830            0
     831            0
     832            0
     833            0
     834            0
     835            0
     836            0
     837            0
     838            0
     839            0
     840            0
     841            0
     842            1
     843            0
     844            0
     845            0
     846            0
     847            0
     848            0
     849            0
     850            0
     851            0
     852            0
     853            0
     854            0
     855            0
     856            0
     857            0
     858            0
     859            0
     860            0
     861            0
     862            0
     863            0
     864            0
     865            0
     866            0
     867            0
     868            0
     869            0
     870            0
     871            0
     872            0
     873            0
     874            0
     875            0
     876            0
     877            0
     878            0
     879            0
     880            0
     881            0
     882            0
     883            0
     884            0
     885            0
     886            0
     887            0
     888            0
     889            0
     890            0
     891            0
     892            0
     893            0
     894            0
     895            0
     896            0
     897            0
     898            0
     899            0
     900            0
     901            0
     902            0
     903            0
     904            0
     905            0
     906            0
     907            0
     908            0
     909            0
     910            0
     911            0
     912            0
     913            0
     914            0
     915            1
     916            0
     917            0
     918            0
     919            0
     920            0
     921            0
     922            0
     923            0
     924            0
     925            0
     926            0
     927            0
     928            0
     929            0
     930            0
     931            0
     932            0
     933            0
     934            0
     935            0
     936            0
     937            0
     938            0
     939            0
     940            0
     941            0
     942            0
     943            0
     944            0
     945            0
     946            0
     947            0
     948            0
     949            0
     950            0
     951            0
     952            0
     953            0
     954            0
     955            0
     956            0
     957            0
     958            0
     959            0
     960            0
     961            0
     962            0
     963            0
     964            0
     965            0
     966            0
     967            0
     968            0
     969            0
     970            0
     971            0
     972            0
     973            0
     974            0
     975            0
     976            0
     977            0
     978            0
     979            0
     980            0
     981            0
     982            0
     983            0
     984            0
     985            0
     986            0
     987            0
     988            0
     989            0
     990            0
     991            0
     992            0
     993            0
     994            0
     995            0
     996            1
     997            0
     998            0
     999            0
    1000            1
    1001            0
    1002            1
    1003            1
    1004            0
    1005            0
    1006            0
    1007            0
    1008            0
    1009            0
    1010            0
    1011            0
    1012            0
    1013            0
    1014            0
    1015            0
    1016            0
    1017            0
    1018            0
    1019            0
    1020            0
    1021            0
    1022            0
    1023            0
    1024            0
    1025            0
    1026            0
    1027            0
    1028            0
    1029            0
    1030            0
    1031            0
    1032            0
    1033            0
    1034            0
    1035            0
    1036            0
    1037            0
    1038            0
    1039            0
    1040            0
    1041            0
    1042            0
    1043            0
    1044            0
    1045            0
    1046            0
    1047            0
    1048            0
    1049            0
    1050            0
    1051            0
    1052            0
    1053            0
    1054            0
    1055            0
    1056            0
    1057            0
    1058            0
    1059            0
    1060            0
    1061            0
    1062            0
    1063            0
    1064            0
    1065            0
    1066            0
    1067            0
    1068            0
    1069            0
    1070            0
