0 432.385 0.99999934
0.1 429.325 0.9999701
0.2 428.729 0.9998445
0.3 431.011 0.9993512
0.4 435.357 0.9998656
0.5 436.323 0.9998928
0.6 444.629 0.99820423
0.7 444.897 0.9974079
0.8 450.136 0.9949977
0.9 452.748 0.99527484
1 451.295 0.99511576
1.1 446.854 0.99575084
1.2 444.423 0.995581
1.3 441.8 0.99500555
1.4 437.672 0.9917511
1.5 433.935 0.9929483
1.6 431.585 0.9930486
1.7 428.583 0.9925618
1.8 423.736 0.9918523
1.9 421.424 0.99212724
2 416.456 0.9852124
2.1 416.481 0.98453593
2.2 415.635 0.9811325
2.3 415.762 0.9782012
2.4 413.716 0.9808942
2.5 409.691 0.9810405
2.6 413.321 0.9787067
2.7 417.237 0.9746037
2.8 419.322 0.97476774
2.9 416.12 0.97225374
3 419.649 0.96036536
3.1 418.487 0.9612343
3.2 416.275 0.9616901
3.3 409.982 0.95662665
3.4 407.821 0.9604981
3.5 405.023 0.94770586
3.6 399.943 0.95018727
3.7 396.821 0.956833
3.8 390.649 0.9552793
3.9 378.41 0.9480177
4 369.391 0.9410154
4.1 359.676 0.93749434
4.2 350.863 0.9384227
4.3 338.701 0.9320925
4.4 326.882 0.93768847
4.5 319.556 0.9331774
4.6 317.309 0.9351502
4.7 311.316 0.92926544
4.8 306.325 0.93340415
4.9 299.205 0.9264033
5 294.885 0.9255262
5.1 290.284 0.92555416
5.2 288.55 0.9205541
5.3 286.741 0.9232756
5.4 279.914 0.9207989
5.5 277.956 0.9176821
5.6 271.537 0.9192121
5.7 261.097 0.9195796
5.8 252.79 0.91769624
5.9 243.908 0.91377485
6 237.652 0.91919565
6.1 233.377 0.9193855
6.2 231.601 0.9196619
6.3 227.72 0.9132006
6.4 223.31 0.90627426
6.5 220.285 0.9020168
6.6 217.899 0.9038532
6.7 215.367 0.9020803
6.8 209.755 0.89725757
6.9 207.688 0.89717144
7 203.359 0.8997656
7.1 203.042 0.90084964
7.2 197.075 0.8933241
7.3 194.694 0.88875234
7.4 192.266 0.8935817
7.5 188.378 0.8925046
7.6 188.446 0.8884478
7.7 190.612 0.88752156
7.8 191.185 0.88252
7.9 188.94 0.87290716
8 187.195 0.88191086
8.1 184.786 0.8699904
8.2 186.67 0.8670045
8.3 184.254 0.865695
8.4 180.855 0.86470205
8.5 177.735 0.8646663
8.6 178.204 0.8671813
8.7 179.032 0.86082804
8.8 171.645 0.85254544
8.9 166.689 0.84877914
9 166.268 0.841531
9.1 163.365 0.8409559
9.2 161.916 0.8387387
9.3 162.328 0.83602655
9.4 159.345 0.84080046
9.5 162.243 0.8378072
9.6 154.692 0.83686966
9.7 149.969 0.83438456
9.8 149.221 0.8348409
9.9 149.12 0.83362955
10 149.79 0.8292892
10.1 146.672 0.8224913
10.2 145.211 0.8287984
10.3 143.011 0.81986994
10.4 138.988 0.80745435
10.5 142.23 0.79952365
10.6 137.335 0.79734004
10.7 139.5 0.794152
10.8 140.47 0.79215306
10.9 144.562 0.79216385
11 145.21 0.78903496
11.1 146.718 0.7863433
11.2 146.656 0.78664815
11.3 147.261 0.78803504
11.4 153.207 0.7822491
11.5 159.533 0.77986056
11.6 163.873 0.7868644
11.7 169.79 0.7781239
11.8 169.276 0.78501856
11.9 176.283 0.7843229
12 180.104 0.78333867
12.1 183.863 0.7836497
12.2 184.795 0.7846738
12.3 184.854 0.7827492
12.4 183.488 0.7830434
12.5 181.842 0.7853315
12.6 184.091 0.78466344
12.7 187.07 0.7852056
12.8 186.971 0.7861499
12.9 186.237 0.78594375
13 190.228 0.7820893
13.1 192.536 0.78096646
13.2 191.749 0.78313357
13.3 190.514 0.78360796
13.4 189.692 0.780099
13.5 195.633 0.781599
13.6 196 0.77954
13.7 193.726 0.7805439
13.8 193.926 0.7827726
13.9 195.874 0.7807787
14 194.632 0.7788496
14.1 190.892 0.7747935
14.2 192.109 0.7745701
14.3 194.753 0.7731371
14.4 194.807 0.77255917
14.5 200.978 0.77020705
14.6 200.642 0.7633845
14.7 207.791 0.7521209
14.8 209.062 0.7509782
14.9 214.439 0.7451378
15 217.258 0.7422656
15.1 221.854 0.73784
15.2 224.998 0.7384422
15.3 227.967 0.73657566
15.4 230.597 0.7217002
15.5 236.58 0.71074426
15.6 236.066 0.70723265
15.7 237.699 0.7097211
15.8 235.326 0.7063398
15.9 237.158 0.70420974
16 238.955 0.69979644
16.1 243.435 0.69841325
16.2 243.083 0.70236325
16.3 245.979 0.7061954
16.4 247.833 0.70257074
16.5 250.021 0.6899084
16.6 246.531 0.68791175
16.7 246.698 0.687284
16.8 247.777 0.69321215
16.9 247.828 0.6901306
17 248.773 0.6883149
17.1 251.906 0.68754154
17.2 254.404 0.6887189
17.3 258.244 0.6827525
17.4 267.665 0.69059634
17.5 273.548 0.6859289
17.6 278.439 0.68411064
17.7 284.475 0.68357694
17.8 289.588 0.68593574
17.9 297.131 0.6832058
18 307.441 0.6768952
18.1 316.781 0.67615986
18.2 327.498 0.67562795
18.3 341.338 0.6726486
18.4 350.066 0.66848284
18.5 357.556 0.6616378
18.6 363.678 0.65727514
18.7 373.72 0.6585685
18.8 382.539 0.6526243
18.9 388.696 0.65779805
19 398.231 0.65854836
19.1 408.135 0.65077627
19.2 421.238 0.6577195
19.3 426.839 0.6543441
19.4 429.723 0.655882
19.5 437.814 0.6580865
19.6 442.609 0.65689355
19.7 448.761 0.6516976
19.8 455.552 0.64732206
19.9 467.177 0.6464657
20 473.004 0.64068925
20.1 481.773 0.6417236
20.2 489.215 0.6457104
20.3 498.253 0.6457363
20.4 504.573 0.6463879
20.5 510.709 0.6418723
20.6 516.129 0.63699913
20.7 522.203 0.64142436
20.8 526.402 0.6405784
20.9 536.921 0.63696647
21 538.551 0.6289013
21.1 540.361 0.623475
21.2 540.656 0.6235421
21.3 545.219 0.6265553
21.4 550.157 0.62230146
21.5 550.729 0.6214688
21.6 546.606 0.62252367
21.7 550.936 0.617774
21.8 551.101 0.622376
21.9 547.377 0.61628956
22 555.907 0.6088758
22.1 558.819 0.6169768
22.2 558.472 0.6191458
22.3 558.889 0.6139107
22.4 558.653 0.61803204
22.5 556.03 0.6172088
22.6 554.819 0.60500824
22.7 555.427 0.6152529
22.8 555.655 0.61605734
22.9 550.341 0.6141259
23 545.144 0.616137
23.1 538.805 0.6098723
23.2 531.729 0.61200714
23.3 524.746 0.60976744
23.4 513.478 0.61450297
23.5 506.04 0.60718536
23.6 503.355 0.5987622
23.7 495.498 0.59879583
23.8 485.946 0.6013042
23.9 480.71 0.6053893
24 475.718 0.60482055
24.1 471.214 0.5887152
24.2 467.082 0.589381
24.3 459.814 0.5904469
24.4 456.611 0.5870562
24.5 454.372 0.58917683
24.6 448.696 0.58560133
24.7 444.767 0.577041
24.8 442.522 0.58687353
24.9 438.516 0.58312035
25 431.484 0.5862612
25.1 426.261 0.5864811
25.2 415.742 0.5736666
25.3 404.839 0.5683649
25.4 396.787 0.5765669
25.5 388.967 0.57833236
25.6 383.848 0.5876009
25.7 378.257 0.58534795
25.8 369.875 0.58462197
25.9 367.563 0.5927666
26 360.545 0.5954105
26.1 360.712 0.5954621
26.2 358.902 0.6023624
26.3 358.669 0.58474284
26.4 353.339 0.59354436
26.5 350.771 0.5906747
26.6 351.229 0.5875004
26.7 352.956 0.599002
26.8 351.218 0.5943442
26.9 350.616 0.60048795
27 352.476 0.5902348
27.1 348.493 0.59296244
27.2 345.649 0.59408814
27.3 345.23 0.5976182
27.4 346.421 0.5968652
27.5 343.863 0.5930734
27.6 344.306 0.5926746
27.7 345.173 0.5878859
27.8 342.868 0.5873334
27.9 339.652 0.5894507
28 339.959 0.5780585
28.1 339.09 0.5660236
28.2 342.156 0.57804364
28.3 342.188 0.5712995
28.4 344.962 0.5746423
28.5 351.821 0.5768605
28.6 361.412 0.5741098
28.7 363.681 0.5710601
28.8 368.925 0.57469684
28.9 379.367 0.5723988
29 384.956 0.5729819
29.1 389.923 0.575639
29.2 396.907 0.5722241
29.3 403.802 0.5693375
29.4 410.43 0.56369585
29.5 415.312 0.57097375
29.6 417.552 0.57768303
29.7 421.926 0.5788923
29.8 424.176 0.58032537
29.9 426.486 0.5791742
30 431.765 0.57776254
30.1 435.334 0.5733054
30.2 439.538 0.57780194
30.3 445.951 0.57237214
30.4 451.628 0.56934404
30.5 453.483 0.5800151
30.6 456.782 0.57539934
30.7 460.585 0.57890934
30.8 461.009 0.58482575
30.9 469.147 0.59057605
31 468.426 0.5813339
31.1 467.271 0.5795871
31.2 466.007 0.58307004
31.3 463.878 0.5788513
31.4 460.423 0.5776101
31.5 460.659 0.57504565
31.6 456.917 0.57402843
31.7 455.717 0.57256407
31.8 453.132 0.56948036
31.9 448.942 0.57249206
32 447.4 0.5789791
32.1 443.873 0.57188594
32.2 442.361 0.57638043
32.3 439.179 0.57905185
32.4 435.511 0.577979
32.5 431.611 0.57699126
32.6 430.559 0.56951284
32.7 425.286 0.57136405
32.8 422.32 0.5609638
32.9 419.031 0.55859333
33 417.089 0.55872476
33.1 414.461 0.5550739
33.2 411.092 0.55827737
33.3 405.622 0.54946214
33.4 401.849 0.55291533
33.5 399.761 0.5470543
33.6 397.452 0.55146456
33.7 391.788 0.5540995
33.8 388.843 0.5535423
33.9 381.479 0.5500795
34 372.323 0.5479945
34.1 364.398 0.5539945
34.2 362.207 0.5530929
34.3 356.61 0.55086225
34.4 349.979 0.5499672
34.5 343.647 0.54054874
34.6 339.585 0.52912104
34.7 336.612 0.5381791
34.8 328.406 0.5352027
34.9 323.848 0.5477683
35 319.415 0.54300356
35.1 307.329 0.54361355
35.2 300.832 0.55567795
35.3 289.653 0.5533297
35.4 287.764 0.5538733
35.5 287.986 0.5577968
35.6 285.607 0.55560315
35.7 281.361 0.5545503
35.8 275.405 0.5549833
35.9 267.808 0.5559876
36 260.258 0.5533595
36.1 258.23 0.5514096
36.2 258.869 0.5491706
36.3 260.413 0.54729885
36.4 262.469 0.53634226
36.5 262.355 0.53925437
36.6 264.51 0.5354659
36.7 263.54 0.5348121
36.8 261.202 0.5343488
36.9 260.558 0.5207705
37 261.288 0.52287215
37.1 263.201 0.51976806
37.2 264.092 0.5229002
37.3 259.97 0.5209744
37.4 262.892 0.5198077
37.5 260.326 0.5152488
37.6 262.488 0.51674086
37.7 263.504 0.5127903
37.8 265.186 0.51631033
37.9 264.454 0.519019
38 264.688 0.50300205
38.1 264.886 0.5081285
38.2 262.734 0.5100504
38.3 262.54 0.5071326
38.4 262.443 0.5019017
38.5 264.438 0.4919851
38.6 261.443 0.49476388
38.7 258.652 0.4907099
38.8 257.213 0.49280944
38.9 256.583 0.49315885
39 258.455 0.48398602
39.1 256.39 0.49304414
39.2 256.697 0.48569632
39.3 254.314 0.48675767
39.4 252.959 0.47588623
39.5 251.151 0.47994253
39.6 253.003 0.47647458
39.7 250.038 0.48249477
39.8 251.542 0.46709305
39.9 258.374 0.46538043
40 265.305 0.45877033
40.1 269.837 0.45410803
40.2 277.526 0.44707882
40.3 279.571 0.45101532
40.4 285.568 0.44276008
40.5 283.374 0.4475766
40.6 282.966 0.4318915
40.7 286.426 0.44652918
40.8 290.968 0.4536873
40.9 295.658 0.4408372
41 303.167 0.44072217
41.1 304.054 0.43711823
41.2 307.451 0.43621096
41.3 312.561 0.44267592
41.4 310.491 0.43534976
41.5 312.422 0.43577006
41.6 317.802 0.4370029
41.7 323.183 0.43805146
41.8 329.795 0.43806452
41.9 336.462 0.4320793
42 338.1 0.4318702
42.1 340.024 0.44105294
42.2 340.213 0.4392559
42.3 343.77 0.43257612
42.4 349.878 0.43501207
42.5 351.162 0.4369727
42.6 357.232 0.44145596
42.7 357.701 0.44350982
42.8 362.306 0.4435534
42.9 369.334 0.4384386
43 370.484 0.43790424
43.1 374.423 0.44124553
43.2 375.373 0.44147897
43.3 383.5 0.4411777
43.4 390.567 0.43080044
43.5 397.869 0.42576927
43.6 399.678 0.4231298
43.7 404.345 0.42862377
43.8 407.3 0.41098386
43.9 407.517 0.4194761
44 416.726 0.41990542
44.1 420.494 0.4174341
44.2 430.078 0.4037874
44.3 434.1 0.41355932
44.4 437.056 0.41683507
44.5 440.948 0.41376826
44.6 443.678 0.41427404
44.7 445.267 0.41796654
44.8 455.709 0.41212103
44.9 459.359 0.40135092
45 459.271 0.4070398
45.1 460.887 0.39206722
45.2 463.688 0.39221066
45.3 468.302 0.39957142
45.4 473.744 0.3897672
45.5 480.923 0.37968954
45.6 486.476 0.38214925
45.7 490.605 0.35052827
45.8 494.433 0.36055842
45.9 499.407 0.35683382
46 502.394 0.34243748
46.1 507.344 0.32048863
46.2 518.883 0.31619412
46.3 524.811 0.31496558
46.4 533.721 0.30279994
46.5 539.585 0.2868578
46.6 545.764 0.28355813
46.7 549.914 0.27995136
46.8 550.822 0.27863958
46.9 552.451 0.2790158
47 553.273 0.2780135
47.1 558.919 0.28006497
47.2 565.546 0.27962485
47.3 569.793 0.28237268
47.4 568.56 0.28091496
47.5 570.385 0.28111908
47.6 572.156 0.27776426
47.7 572.444 0.27995166
47.8 572.979 0.28025386
47.9 570.928 0.27926883
48 566.908 0.27869064
48.1 569.602 0.27660224
48.2 573.053 0.27380002
48.3 577.715 0.2738817
48.4 578.505 0.27334702
48.5 578.503 0.2649523
48.6 574.633 0.2587558
48.7 577.661 0.24152967
48.8 579.774 0.23554058
48.9 583.43 0.23159438
49 586.739 0.2320323
49.1 585.891 0.236458
49.2 589.376 0.24662869
49.3 586.344 0.22821875
49.4 584.786 0.22368404
49.5 582.829 0.22180319
49.6 578.581 0.22109792
49.7 575.683 0.21028847
49.8 573.956 0.18672372
49.9 566.841 0.19482681
50 562.86 0.16308974
50.1 559.313 0.16029921
50.2 553.803 0.15584068
50.3 548.502 0.15633377
50.4 538.291 0.148471
50.5 532.254 0.15534002
50.6 526.755 0.15728371
50.7 520.86 0.1593395
50.8 514.907 0.15856493
50.9 510.425 0.1610524
51 502.664 0.15709008
51.1 496.891 0.15216585
51.2 487.252 0.14992352
51.3 476.132 0.14872289
51.4 465.096 0.14571661
51.5 450.068 0.14650954
51.6 443.498 0.14293797
51.7 431.561 0.13888568
51.8 426.49 0.14136592
51.9 418.716 0.12579998
52 409.596 0.11859016
52.1 402.411 0.115541406
52.2 391.991 0.115536176
52.3 380.447 0.11408017
52.4 371.504 0.11409518
52.5 369.159 0.11643609
52.6 361.392 0.11297984
52.7 357.705 0.10681852
52.8 352.457 0.10798512
52.9 347.953 0.098641805
53 343.845 0.10530263
53.1 337.129 0.103431344
53.2 333.488 0.098630026
53.3 325.278 0.09806962
53.4 319.62 0.094798535
53.5 313.392 0.09306778
53.6 307.024 0.08448099
53.7 306.175 0.08489052
53.8 301.453 0.082239844
53.9 296.835 0.08668086
54 292.608 0.07214379
54.1 286.669 0.07522382
54.2 277.948 0.07838933
54.3 271.731 0.07726417
54.4 269.206 0.07317626
54.5 266.697 0.07083332
54.6 263.197 0.071373664
54.7 262.678 0.072609566
54.8 263.612 0.07230514
54.9 260.026 0.07149524
55 256.532 0.074363634
55.1 251.452 0.067352
55.2 246.152 0.062382635
55.3 244.661 0.07049959
55.4 242.095 0.069587946
55.5 243.233 0.06646514
55.6 237.766 0.065641284
55.7 230.735 0.0696646
55.8 227.047 0.0655156
55.9 224.194 0.0655917
56 220.675 0.065433465
56.1 221.279 0.06581902
56.2 220.13 0.0646023
56.3 222.047 0.06787559
56.4 221.014 0.06888131
56.5 221.925 0.06670583
56.6 224.148 0.06579068
56.7 224.629 0.07024485
56.8 226.269 0.06616482
56.9 220.646 0.06834273
57 219.458 0.06898936
57.1 222.122 0.06667457
57.2 223.293 0.06366252
57.3 226.833 0.063203916
57.4 229.128 0.06412299
57.5 228.493 0.06735154
57.6 225.814 0.06908865
57.7 228.076 0.06653065
57.8 225.865 0.063605174
57.9 228.084 0.06514647
58 227.201 0.06667279
58.1 225.083 0.06505966
58.2 224.335 0.062120218
58.3 222.166 0.057658806
58.4 223.808 0.06030343
58.5 225.061 0.061505873
58.6 225.414 0.061361447
58.7 227.473 0.060572743
58.8 223.86 0.0608261
58.9 222.065 0.059798278
59 216.592 0.055444613
59.1 214.541 0.057586566
59.2 213.525 0.055733565
59.3 214.212 0.056294873
59.4 214.836 0.055112265
59.5 211.415 0.054869503
59.6 211.313 0.054385774
59.7 213.919 0.05353559
59.8 210.854 0.052911866
59.9 208.175 0.055355165
60 209.052 0.050975677
60.1 211.41 0.05066898
60.2 213.416 0.05151594
60.3 216.283 0.049471587
60.4 213.901 0.046454996
60.5 213.623 0.04415701
60.6 211.136 0.041735705
60.7 214.016 0.043393757
60.8 216.125 0.042548493
60.9 218.224 0.041020628
61 218.401 0.04302976
61.1 220.56 0.04167219
61.2 216.915 0.037289333
61.3 216.623 0.026061032
61.4 216.869 0.023861887
61.5 215.563 0.022685835
61.6 217.004 0.023080291
61.7 212.575 0.015777878
61.8 210.679 0.017991621
61.9 207.591 0.015913123
62 207.158 0.019446677
62.1 206.377 0.018373702
62.2 204.305 0.01868234
62.3 206.271 0.018764282
62.4 207.586 0.016807225
62.5 208.424 0.015094796
62.6 213.034 0.013787003
62.7 215.878 0.0099210655
62.8 216.783 0.0072773397
62.9 216.871 0.0002848473
63 221.438 6.543171e-08
63.1 225.957 4.4551985e-08
63.2 231.226 6.776852e-09
63.3 229.195 2.1221302e-08
63.4 231.555 8.8530086e-08
63.5 230.706 9.870182e-08
63.6 231.206 2.5319084e-08
63.7 229.198 8.662536e-06
63.8 227.155 4.6155492e-08
63.9 229.703 1.308527e-07
64 230.071 0.00014741081
64.1 236.587 4.4098197e-08
64.2 236.188 2.3883044e-07
64.3 239.269 5.120044e-09
64.4 240.694 9.9276555e-08
64.5 241.958 5.6702167e-09
64.6 243.703 1.3778464e-08
64.7 246.427 0.00030409233
64.8 248.037 1.2663283e-10
64.9 250.793 3.2305594e-10
65 256.171 3.0365488e-10
65.1 261.227 1.9787255e-08
65.2 266.191 5.1340154e-11
65.3 270.594 3.1039576e-10
65.4 275.62 5.4533866e-10
65.5 281.478 1.4730335e-09
65.6 285.804 1.06999874e-10
65.7 293.396 3.4275358e-10
65.8 297.412 9.5858765e-11
65.9 303.65 2.0703121e-09
66 308.57 1.2021666e-10
66.1 314.67 1.9699982e-10
66.2 314.804 7.322922e-10
66.3 318.207 1.6325788e-09
66.4 322.846 1.7332853e-10
66.5 326.291 8.903133e-10
66.6 334.28 6.4179474e-11
66.7 340.721 2.3903672e-11
66.8 347.221 6.99599e-11
66.9 355.113 8.3979726e-11
67 361.629 2.447935e-10
67.1 369.697 1.59062e-10
67.2 375.6 6.8278216e-11
67.3 384.118 1.5163124e-11
67.4 389.805 5.1779595e-11
67.5 392.816 3.9702786e-11
67.6 398.539 2.9679121e-09
67.7 405.635 1.3448661e-08
67.8 414.365 1.98802e-08
67.9 418.621 9.776555e-09
68 429.112 4.9519837e-09
68.1 431.765 9.079656e-10
68.2 434.918 1.3909949e-08
68.3 443.214 3.025096e-11
68.4 458.663 4.9507105e-09
68.5 462.455 2.0665155e-11
68.6 469.035 3.0393563e-11
68.7 476.819 9.482096e-07
68.8 485.261 2.9260087e-11
68.9 492.117 3.8690957e-11
69 499.145 3.656972e-08
69.1 504.461 7.328177e-09
69.2 512.697 1.198971e-11
69.3 519.162 8.438873e-09
69.4 524.837 1.6159376e-11
69.5 531.057 2.0199778e-11
69.6 539.038 1.3920092e-11
69.7 548.911 6.5093373e-12
69.8 555.679 1.5381552e-11
69.9 563.196 2.3792579e-08
70 577.264 1.2929888e-08
70.1 584.541 3.2368386e-09
70.2 596.274 1.954423e-11
70.3 605.266 7.192642e-12
70.4 616.688 5.44356e-12
70.5 627.408 2.3413445e-11
70.6 639.278 2.8772273e-11
70.7 652.045 3.6137547e-12
70.8 665.698 9.561915e-11
70.9 680.307 5.1094133e-12
71 691.151 9.619001e-12
71.1 701.297 6.1847285e-12
71.2 711.478 1.184345e-11
71.3 726.434 1.10723646e-10
71.4 739.937 3.4598808e-12
71.5 752.015 7.13209e-12
71.6 764.839 5.783961e-12
71.7 776.197 1.18507e-11
71.8 786.943 1.6843433e-11
71.9 800.422 3.7600693e-11
72 812.876 4.533318e-12
72.1 831.188 4.40284e-12
72.2 843.881 4.972828e-12
72.3 858.553 3.9168686e-12
72.4 869.588 1.9611695e-12
72.5 876.694 4.598538e-12
72.6 887.586 9.078807e-12
72.7 900.11 1.2754288e-11
72.8 909.293 4.083017e-12
72.9 914.321 1.8558838e-10
73 924.057 5.1685847e-11
73.1 929.786 6.1953415e-11
73.2 938.468 1.2148962e-10
73.3 951.801 1.1977217e-09
73.4 956.49 1.798817e-11
73.5 966.018 7.0095336e-12
73.6 982.412 2.8963722e-11
73.7 995.527 5.886254e-11
73.8 1004.27 4.598368e-11
73.9 1017.58 5.49747e-12
74 1031.94 4.2509135e-11
74.1 1042.86 5.4648243e-12
74.2 1054.49 6.0328222e-12
74.3 1059.09 1.4865342e-12
74.4 1068.92 2.4627897e-12
74.5 1078.09 3.80765e-12
74.6 1089.19 2.29392e-12
74.7 1099.32 5.4870743e-11
74.8 1110.1 3.0376595e-12
74.9 1120.92 1.5628999e-12
75 1132.56 4.780454e-12
75.1 1138.45 2.1523819e-10
75.2 1150.82 8.533498e-10
75.3 1155.6 5.373777e-10
75.4 1164.17 4.115864e-12
75.5 1169.89 5.3713206e-12
75.6 1174.02 1.8909557e-12
75.7 1178.42 9.955908e-12
75.8 1179.1 5.588474e-12
75.9 1176.96 2.2219665e-11
76 1173.67 3.7738224e-12
76.1 1171.54 4.3329203e-12
76.2 1172.85 6.019698e-12
76.3 1169.56 3.4819194e-12
76.4 1164.71 3.927274e-12
76.5 1160.69 1.7111637e-12
76.6 1158.05 9.260914e-11
76.7 1154.09 3.1510674e-06
76.8 1148.98 6.886586e-07
76.9 1143.65 3.2345933e-09
77 1140.68 2.0386675e-09
77.1 1136.28 1.0647027e-06
77.2 1128.21 2.129451e-12
77.3 1121.21 7.687265e-11
77.4 1117.07 3.0587646e-12
77.5 1112.64 9.444218e-11
77.6 1110.5 4.8520216e-12
77.7 1109.51 3.044454e-12
77.8 1109.26 3.663025e-12
77.9 1107.66 1.6214407e-11
78 1109.65 1.8491637e-11
78.1 1111.37 5.8890184e-11
78.2 1107.67 4.27417e-11
78.3 1104.55 1.921395e-11
78.4 1099.29 7.9854634e-10
78.5 1098.44 1.1147296e-11
78.6 1091.84 2.171729e-08
78.7 1085.37 3.3194692e-07
78.8 1080.66 4.6421428e-10
78.9 1076.02 1.0815662e-11
79 1071.51 9.27228e-09
79.1 1069.05 6.365046e-07
79.2 1062.74 2.8075233e-06
79.3 1061.7 1.167399e-06
79.4 1058.42 1.5280921e-10
79.5 1053.41 3.252727e-08
79.6 1047.41 5.856688e-11
79.7 1041.27 1.4648894e-08
79.8 1033.11 2.0263597e-06
79.9 1022.98 1.04344845e-10
80 1011.67 1.2267466e-11
80.1 1000.4 2.122102e-10
80.2 989.828 2.2352917e-09
80.3 976.733 1.1222637e-09
80.4 965.588 4.5131866e-08
80.5 953.21 4.6524445e-10
80.6 942.307 9.461759e-10
80.7 931.053 3.6141867e-09
80.8 921.251 1.1932059e-09
80.9 911.798 3.3247318e-11
81 907.665 1.15710705e-11
81.1 902.924 1.3323593e-11
81.2 899.882 4.312278e-12
81.3 892.25 7.520002e-12
81.4 891.59 9.737302e-12
81.5 891.872 3.621911e-11
81.6 891.57 1.0326286e-08
81.7 890.11 1.0131143e-11
81.8 890.796 2.010896e-09
81.9 892.793 6.5252773e-12
82 891.678 4.978888e-12
82.1 887.766 2.8299006e-11
82.2 884.535 2.1807337e-11
82.3 885.184 7.86653e-12
82.4 883.47 4.094396e-12
82.5 880.701 1.6440927e-11
82.6 881.333 8.6794235e-12
82.7 880.214 7.1200537e-12
82.8 878.45 5.5488778e-12
82.9 875.243 6.0433494e-12
83 867.406 9.206283e-12
83.1 863.252 1.34202875e-11
83.2 859.276 1.026155e-11
83.3 859.742 8.541284e-12
83.4 861.233 4.0439227e-12
83.5 861.71 8.203778e-12
83.6 861.49 6.174233e-12
83.7 862.474 9.386341e-12
83.8 862.581 4.5779014e-12
83.9 863.343 1.1996454e-11
84 866.635 2.8843858e-11
84.1 868.697 4.4669377e-12
84.2 865.016 8.4099755e-11
84.3 869.655 6.2401148e-12
84.4 871.613 7.67844e-12
84.5 875.016 4.2074472e-11
84.6 879.278 8.416479e-12
84.7 886.163 1.01632175e-11
84.8 888.423 6.923258e-12
84.9 891.513 1.12921885e-11
85 897.093 1.9203828e-11
85.1 905.858 5.3330874e-11
85.2 908.641 5.206925e-12
85.3 915.024 5.0166854e-10
85.4 919.54 9.586282e-06
85.5 923.428 1.3169353e-06
85.6 926.556 1.7110813e-05
85.7 934.613 1.3621857e-08
85.8 940.737 6.189762e-08
85.9 944.093 7.867001e-11
86 950.116 7.816618e-11
86.1 951.283 9.425857e-11
86.2 959.449 1.4177765e-10
86.3 962.034 4.4005694e-10
86.4 965.98 1.4369429e-05
86.5 967.523 6.5281944e-07
86.6 964.498 2.3019382e-05
86.7 963.37 1.2386753e-10
86.8 964.713 4.068458e-08
86.9 962.044 7.7176985e-08
87 962.575 1.2902498e-07
87.1 964.455 6.6862674e-12
87.2 967.798 4.4012315e-12
87.3 968.887 5.585552e-09
87.4 966.709 1.1794009e-05
87.5 967.812 3.54932e-07
87.6 964.718 7.863006e-07
87.7 962.362 3.2632306e-06
87.8 963.072 2.7503746e-11
87.9 963.417 2.6608293e-10
88 961.984 4.4923956e-12
88.1 965.945 3.314081e-12
88.2 964.553 3.6766658e-06
88.3 962.393 7.5434095e-12
88.4 960.97 5.57359e-11
88.5 958.235 2.2001236e-10
88.6 954.43 3.5909584e-09
88.7 952.341 5.1762084e-09
88.8 948.305 2.8689107e-09
88.9 944.271 1.10933936e-11
89 939.679 1.4060283e-10
89.1 932.925 3.5283647e-12
89.2 925.129 3.4806654e-12
89.3 924.238 2.5294e-10
89.4 918.681 6.4767054e-09
89.5 911.28 9.2523614e-08
89.6 904.631 1.6856188e-06
89.7 901.812 2.175622e-11
89.8 896.545 2.1870847e-12
89.9 894.659 2.5185437e-10
90 896.044 6.635131e-11
90.1 890.741 5.861406e-12
90.2 885.067 4.1897139e-10
90.3 883.864 6.030156e-12
90.4 879.585 1.4778812e-10
90.5 876.77 7.547344e-05
90.6 874.205 2.991218e-06
90.7 872.457 1.3276774e-07
90.8 867.418 5.1357652e-05
90.9 865.311 1.2406186e-09
91 866.966 3.2136046e-07
91.1 867.969 1.3071318e-09
91.2 867.378 1.6284917e-05
91.3 865.79 1.635828e-11
91.4 863.354 1.9500764e-12
91.5 863.123 2.643553e-12
91.6 864.35 1.0460866e-11
91.7 867.998 4.3056314e-12
91.8 869.727 5.224944e-12
91.9 868.862 5.453371e-12
92 869.391 2.4618694e-07
92.1 867.714 1.07251585e-08
92.2 865.773 9.116225e-09
92.3 863.473 2.0877774e-12
92.4 866.133 1.7027441e-12
92.5 867.298 5.153769e-12
92.6 868.807 3.2392622e-12
92.7 872.729 2.4880928e-12
92.8 873.05 1.8811576e-12
92.9 875.18 3.8297234e-12
93 876.416 3.9722028e-12
93.1 877.94 4.244871e-12
93.2 879.466 1.4672725e-12
93.3 883.003 7.288748e-12
93.4 887.361 5.4451127e-10
93.5 891.543 3.764919e-11
93.6 896.514 8.853462e-11
93.7 900.622 3.993723e-12
93.8 905.59 4.5657623e-12
93.9 911.891 4.8380796e-12
94 917.772 4.958544e-09
94.1 922.85 5.101276e-10
94.2 929.852 1.199745e-10
94.3 934.327 1.47452175e-08
94.4 938.778 1.8682323e-12
94.5 940.48 2.7043992e-12
94.6 945.402 4.622436e-12
94.7 952.909 1.2473592e-11
94.8 955.644 8.191439e-12
94.9 959.547 4.8773072e-11
95 960.289 5.963461e-11
95.1 960.376 3.0859948e-10
95.2 968.506 3.5524272e-12
95.3 973.692 5.507417e-09
95.4 980.311 7.292662e-11
95.5 987.638 3.3065172e-07
95.6 992.591 3.3335432e-09
95.7 1000.33 1.9437365e-08
95.8 1005.06 7.1395356e-10
95.9 1010.97 7.9146346e-05
96 1019.91 6.9208204e-07
96.1 1025.57 4.1861067e-06
96.2 1027.67 8.4018575e-07
96.3 1035.72 3.2868837e-07
96.4 1038.45 2.8568142e-10
96.5 1045.05 8.987641e-09
96.6 1050.44 4.843552e-12
96.7 1055.47 9.257756e-13
96.8 1058.52 1.5331397e-10
96.9 1064.66 2.2226598e-07
97 1064.81 3.5840374e-12
97.1 1068.82 1.9554551e-10
97.2 1071.02 1.2532847e-09
97.3 1076.9 6.033675e-11
97.4 1083.05 6.3849766e-11
97.5 1084.37 3.6625287e-09
97.6 1087.74 2.5564113e-11
97.7 1089.96 1.3494888e-11
97.8 1093.2 4.8205163e-13
97.9 1096.06 3.4546888e-13
98 1094.47 1.1584837e-12
98.1 1094.36 6.711521e-13
98.2 1095.13 9.344697e-13
98.3 1095.14 1.6975184e-12
98.4 1094.91 3.085645e-13
98.5 1094.1 9.715985e-13
98.6 1091.3 9.0288226e-13
98.7 1084.44 7.4403065e-13
98.8 1078.52 2.8579686e-12
98.9 1073.8 1.0179386e-12
99 1068.06 6.9337586e-13
99.1 1063.09 6.778498e-13
99.2 1057.87 6.641951e-13
99.3 1048.92 2.141066e-12
99.4 1045.05 7.7287563e-13
99.5 1036 1.3939172e-12
99.6 1032.27 1.1123478e-12
99.7 1025.24 1.8495945e-12
99.8 1020.48 4.81386e-11
99.9 1014.6 6.469649e-10
100 1007.09 1.3089152e-09
100.1 1004.54 8.849381e-12
100.2 1004.71 3.415475e-11
100.3 999.654 3.0628836e-10
100.4 992.374 1.6731508e-09
100.5 984.953 1.11431815e-08
100.6 978.656 1.2028299e-12
100.7 972.91 1.7516884e-12
100.8 966.821 4.7063353e-10
100.9 962.169 2.2058294e-11
101 958.928 1.0112713e-09
101.1 951.098 1.5311977e-11
101.2 945.604 1.1220154e-11
101.3 940.755 8.6756113e-10
101.4 931.997 8.624695e-13
101.5 924.853 1.1893917e-12
101.6 917.635 2.7932066e-12
101.7 912.681 2.5172715e-11
101.8 903.571 1.6096704e-12
101.9 900.315 6.5038155e-11
102 893.851 1.7681483e-11
102.1 892.285 4.8926254e-12
102.2 887.907 3.4378464e-12
102.3 883.987 3.2107067e-11
102.4 879.624 5.9905635e-12
102.5 874.949 7.767028e-11
102.6 869.768 2.1139301e-09
102.7 865.204 3.738352e-09
102.8 864.259 1.9651482e-11
102.9 861.469 4.180587e-12
103 857.963 6.705756e-10
103.1 856.141 5.790651e-12
103.2 850.137 2.0450781e-10
103.3 843.34 5.9297833e-10
103.4 839.328 3.8959994e-10
103.5 834.941 3.4207573e-10
103.6 831.468 1.2644863e-10
103.7 828.097 8.4318975e-11
103.8 828.015 3.588723e-10
103.9 830.314 6.1099525e-10
104 829.514 3.326741e-10
104.1 830.159 1.4547466e-10
104.2 829.774 1.5244127e-10
104.3 832.202 5.4213013e-11
104.4 834.562 5.857125e-09
104.5 835.36 2.7227521e-12
104.6 837.982 3.327295e-09
104.7 839.697 1.3739083e-09
104.8 843.327 8.607026e-11
104.9 843.657 4.6307718e-11
105 844.322 6.0453942e-12
105.1 847.709 2.2297433e-09
105.2 847.623 2.2085204e-10
105.3 841.368 1.3148241e-10
105.4 838.646 2.6545363e-10
105.5 841.08 3.831155e-10
105.6 841.469 7.712247e-12
105.7 839.094 1.22414e-12
105.8 839.711 1.28063185e-11
105.9 838.168 1.693117e-12
106 837.665 1.9269916e-12
106.1 832.141 1.3571494e-10
106.2 830.206 8.797996e-11
106.3 824.811 1.2552668e-11
106.4 823.956 1.02875215e-10
106.5 823.8 1.3353327e-12
106.6 824.301 1.8986382e-08
106.7 826.461 1.9054282e-10
106.8 824.832 3.968904e-10
