0 318.416 0.9999993
0.1 320.065 0.99844986
0.2 325.192 0.99948466
0.3 324.306 0.9919506
0.4 327.103 0.99849045
0.5 327.86 0.99741787
0.6 333.836 0.9970169
0.7 339.639 0.99901
0.8 343.357 0.99881816
0.9 347.485 0.99498165
1 353.024 0.99687743
1.1 356.996 0.99639565
1.2 360.955 0.9954408
1.3 363.438 0.994603
1.4 369.304 0.99610585
1.5 370.61 0.99464446
1.6 369.586 0.99315614
1.7 370.663 0.99116135
1.8 373.894 0.9892558
1.9 373.231 0.99061364
2 370.928 0.9941084
2.1 368.747 0.99192923
2.2 367.047 0.99154097
2.3 368.863 0.9816335
2.4 364.554 0.9812095
2.5 360.747 0.97318053
2.6 363.287 0.9700141
2.7 363.591 0.9682915
2.8 361.736 0.96954453
2.9 358.04 0.9615433
3 359.376 0.96736544
3.1 360.766 0.97147554
3.2 361.097 0.97047716
3.3 362.025 0.96743816
3.4 357.474 0.9644606
3.5 351.838 0.97522324
3.6 345.932 0.9681845
3.7 339.861 0.95933074
3.8 335.063 0.95726174
3.9 333.053 0.95371145
4 327.735 0.94781977
4.1 325.469 0.9456983
4.2 320.913 0.9481022
4.3 318.315 0.946316
4.4 316.772 0.94643986
4.5 315.779 0.9443596
4.6 318.866 0.92595
4.7 312.743 0.9195653
4.8 308.609 0.9180518
4.9 304.967 0.9217536
5 303.279 0.8997245
5.1 302.073 0.8994656
5.2 300.89 0.90166074
5.3 295.315 0.90847886
5.4 289.647 0.89164716
5.5 285.514 0.8969749
5.6 281.58 0.89278924
5.7 278.242 0.8952639
5.8 272.251 0.898453
5.9 269.197 0.89425987
6 264.405 0.89187896
6.1 259.772 0.8813999
6.2 254.02 0.88857186
6.3 248.082 0.8846236
6.4 245.914 0.88012344
6.5 237.391 0.87868804
6.6 232.429 0.8897835
6.7 229.98 0.8827538
6.8 226.619 0.88511086
6.9 221.69 0.8750098
7 217.928 0.8821677
7.1 215.731 0.88311195
7.2 214.751 0.87783635
7.3 211.635 0.87961596
7.4 205.464 0.8885757
7.5 207.102 0.8947899
7.6 207.991 0.8883489
7.7 210.049 0.8731925
7.8 215.053 0.86707205
7.9 218.844 0.85630906
8 221.548 0.8622723
8.1 225.899 0.86959374
8.2 227.902 0.8701199
8.3 227.103 0.86119133
8.4 224.232 0.8657033
8.5 227.292 0.8660931
8.6 231.013 0.85798585
8.7 231.255 0.84930813
8.8 231.378 0.8494398
8.9 227.79 0.85199547
9 220.691 0.8348775
9.1 219.886 0.832834
9.2 218.192 0.8340772
9.3 214.734 0.83849186
9.4 212.072 0.84063196
9.5 207.542 0.8245233
9.6 202.961 0.8359655
9.7 197.85 0.84477943
9.8 197.539 0.8134695
9.9 198.074 0.8072684
10 194.999 0.80840075
10.1 192.599 0.80610704
10.2 195.946 0.8040786
10.3 192.86 0.80621564
10.4 196.729 0.7957575
10.5 201.636 0.80043
10.6 200.267 0.79611146
10.7 201.5 0.79706633
10.8 198.056 0.7938889
10.9 197.643 0.79717994
11 195.457 0.7884607
11.1 194.732 0.7810181
11.2 194.003 0.78247446
11.3 193.764 0.7800071
11.4 192.617 0.76688564
11.5 188.974 0.74863493
11.6 189.374 0.74809843
11.7 188.88 0.743107
11.8 193.48 0.7404171
11.9 196.152 0.74428743
12 198.762 0.7446629
12.1 204.956 0.7416942
12.2 208.295 0.7357122
12.3 207.779 0.7470965
12.4 205.819 0.7478807
12.5 209.011 0.7427759
12.6 208.726 0.7428858
12.7 211.149 0.74498504
12.8 209.157 0.7421457
12.9 204.574 0.7422036
13 204.333 0.73989695
13.1 207.379 0.73201
13.2 208.724 0.73469025
13.3 207.103 0.7341143
13.4 209.563 0.7354155
13.5 211.943 0.7299255
13.6 213.976 0.7282154
13.7 213.693 0.7290893
13.8 215.221 0.72363025
13.9 217.003 0.73021275
14 221.106 0.7234151
14.1 224.729 0.7212126
14.2 225.935 0.72034466
14.3 225.032 0.72141623
14.4 228.361 0.72040904
14.5 229.626 0.72043717
14.6 227.901 0.72290784
14.7 226.346 0.72747946
14.8 225.874 0.7082622
14.9 223.232 0.7064684
15 220.942 0.69876164
15.1 224.529 0.7016031
15.2 226.558 0.696111
15.3 222.404 0.7034408
15.4 219.74 0.70520943
15.5 216.024 0.7099656
15.6 215.376 0.6996453
15.7 215.791 0.69992
15.8 213.574 0.6875119
15.9 211.022 0.68244165
16 210.239 0.67301124
16.1 209.583 0.6764844
16.2 209.13 0.66611123
16.3 208.999 0.6608327
16.4 207.774 0.66177535
16.5 209.539 0.6527559
16.6 209.866 0.6570879
16.7 210.445 0.6500956
16.8 214.055 0.65366054
16.9 211.26 0.6528841
17 210.806 0.6534108
17.1 208.899 0.6510988
17.2 207.957 0.6481306
17.3 208.423 0.6421583
17.4 215.987 0.6435972
17.5 222.357 0.64367944
17.6 228.895 0.6443886
17.7 234.477 0.6408248
17.8 238.994 0.63897336
17.9 247.475 0.6345984
18 255.167 0.6377834
18.1 255.22 0.62940246
18.2 259.468 0.6298403
18.3 262.611 0.63107747
18.4 270.716 0.6322991
18.5 278.556 0.62927526
18.6 284.532 0.627779
18.7 288.273 0.6315066
18.8 297.444 0.62610304
18.9 302.325 0.6199781
19 309.014 0.6193937
19.1 314.621 0.6191619
19.2 320.976 0.62361765
19.3 330.001 0.6195647
19.4 334.167 0.6135968
19.5 338.953 0.6144804
19.6 343.553 0.614216
19.7 354.277 0.61365426
19.8 362.849 0.60883653
19.9 370.968 0.61403793
20 383.209 0.6135851
20.1 395.227 0.6072247
20.2 400.531 0.6089411
20.3 407.12 0.60664505
20.4 416.009 0.60495263
20.5 424.464 0.60988593
20.6 429.359 0.6000829
20.7 433.084 0.60072345
20.8 438.622 0.60267454
20.9 446.268 0.6040507
21 455.337 0.5992125
21.1 461.119 0.5977953
21.2 462.097 0.6048596
21.3 467.655 0.6002387
21.4 471.748 0.6015609
21.5 478.209 0.6017611
21.6 482.17 0.601295
21.7 487.162 0.60122633
21.8 491.521 0.6037997
21.9 495.565 0.60284084
22 497.698 0.60736465
22.1 497.91 0.6056667
22.2 498.395 0.61166257
22.3 497.164 0.6066443
22.4 496.159 0.6074058
22.5 491.39 0.6018133
22.6 493.252 0.60211754
22.7 484.883 0.59933776
22.8 478.5 0.5994547
22.9 473.973 0.58962744
23 468.245 0.58889735
23.1 462.861 0.6003769
23.2 460.975 0.5977323
23.3 454.822 0.59391654
23.4 452.072 0.6003715
23.5 443.879 0.59508866
23.6 435.293 0.60021806
23.7 431.047 0.6053825
23.8 425.383 0.5984536
23.9 419.766 0.6093737
24 418.49 0.6032096
24.1 411.896 0.6024295
24.2 408.354 0.5992424
24.3 407.476 0.6035389
24.4 400.942 0.60340303
24.5 398.938 0.60350025
24.6 395.255 0.59884125
24.7 390.547 0.60429704
24.8 386.104 0.5998519
24.9 378.864 0.60161173
25 370.749 0.59720486
25.1 361.573 0.598365
25.2 353.513 0.5968622
25.3 352.047 0.60862106
25.4 344.209 0.6116904
25.5 334.346 0.61603045
25.6 332.337 0.6130866
25.7 329.375 0.6084565
25.8 328.191 0.6092611
25.9 324.74 0.6051392
26 321.048 0.61228406
26.1 318.953 0.6103465
26.2 315.178 0.60957307
26.3 319.296 0.61226714
26.4 314.422 0.61016834
26.5 313.789 0.60969603
26.6 311.19 0.6054845
26.7 308.513 0.6102331
26.8 308.587 0.61303645
26.9 304.495 0.6104404
27 297.928 0.6135595
27.1 296.7 0.6150362
27.2 295.913 0.6209545
27.3 297.414 0.61131674
27.4 294.758 0.6125679
27.5 296.322 0.61414844
27.6 298.521 0.6160545
27.7 295.32 0.6138966
27.8 301.27 0.61847764
27.9 302.369 0.61576355
28 300.642 0.6116136
28.1 299.359 0.60925233
28.2 303.777 0.61753327
28.3 307.687 0.6156581
28.4 314.12 0.6208054
28.5 311.262 0.617045
28.6 315.884 0.61595744
28.7 320.007 0.62177026
28.8 320.012 0.6210309
28.9 321.27 0.61529565
29 320.296 0.61756754
29.1 319.355 0.6212206
29.2 320.786 0.62002873
29.3 322.386 0.6249073
29.4 323.667 0.6227504
29.5 326.511 0.6251742
29.6 329.336 0.62391925
29.7 335.017 0.6247046
29.8 342.975 0.62425905
29.9 347.6 0.62594044
30 350.832 0.6281883
30.1 353.948 0.6259834
30.2 355.995 0.62701184
30.3 357.647 0.6279726
30.4 358.658 0.6267644
30.5 361.517 0.62400126
30.6 365.152 0.6203861
30.7 368.5 0.62393177
30.8 374.588 0.6273636
30.9 378.701 0.626444
31 384.943 0.6236534
31.1 392.016 0.6193135
31.2 393.692 0.62250984
31.3 403.303 0.6232133
31.4 405.448 0.618851
31.5 411.178 0.6158096
31.6 416.427 0.62028664
31.7 424.676 0.620263
31.8 430.954 0.6152101
31.9 435.648 0.6130124
32 439.332 0.6159815
32.1 446.326 0.6167968
32.2 453.148 0.6128267
32.3 457.421 0.6127496
32.4 460.736 0.6183327
32.5 463.515 0.6144717
32.6 462.7 0.6120657
32.7 464.897 0.61506104
32.8 469.621 0.6164379
32.9 471.211 0.61987925
33 477.822 0.6175347
33.1 483.943 0.6145652
33.2 490.622 0.6188183
33.3 490.056 0.6189868
33.4 490.48 0.61401033
33.5 490.273 0.6198828
33.6 495.09 0.6159774
33.7 496.318 0.6091545
33.8 497.603 0.58816046
33.9 497.82 0.6063745
34 498.905 0.60565746
34.1 503.571 0.604549
34.2 504.249 0.60538507
34.3 502.026 0.5980836
34.4 502.712 0.6004626
34.5 500.283 0.58586854
34.6 498.361 0.60101795
34.7 499.164 0.5770561
34.8 494.791 0.5583258
34.9 491.332 0.5454364
35 486.246 0.5480142
35.1 487.184 0.5535916
35.2 490.28 0.54163134
35.3 489.692 0.547792
35.4 489.187 0.5491389
35.5 486.721 0.54544866
35.6 486.012 0.550242
35.7 482.371 0.5484769
35.8 477.744 0.5426185
35.9 471.248 0.52631897
36 464.486 0.5182221
36.1 459.066 0.50518847
36.2 452.577 0.50366426
36.3 449.535 0.49065813
36.4 441.342 0.4783669
36.5 436.264 0.47967106
36.6 430.436 0.47386757
36.7 423.163 0.46799794
36.8 413.75 0.43635783
36.9 407.596 0.43084157
37 398.466 0.42292887
37.1 395.553 0.42553616
37.2 390.161 0.4164664
37.3 382.17 0.4138058
37.4 377.736 0.41748163
37.5 370.938 0.39195028
37.6 369.848 0.3937309
37.7 366.565 0.39619157
37.8 360.572 0.38142398
37.9 353.852 0.37969202
38 349.463 0.36304978
38.1 342.02 0.3673029
38.2 337.42 0.3507034
38.3 332.139 0.3633833
38.4 329.991 0.36145163
38.5 323.94 0.36469257
38.6 318.007 0.3742607
38.7 311.581 0.3673692
38.8 307.632 0.36445224
38.9 303.428 0.36910814
39 304.292 0.36062464
39.1 301.14 0.36107966
39.2 296.762 0.36755648
39.3 294.071 0.36874542
39.4 295.863 0.34097123
39.5 291.224 0.35437778
39.6 286.329 0.3607696
39.7 285.619 0.36068678
39.8 278.899 0.346901
39.9 276.781 0.33061033
40 274.198 0.33228508
40.1 272.56 0.3234831
40.2 267.928 0.3271067
40.3 265.823 0.3174093
40.4 264.982 0.30653355
40.5 264.649 0.30137154
40.6 265.261 0.30111176
40.7 264.11 0.30767888
40.8 265.114 0.31696877
40.9 266.142 0.30962318
41 266.99 0.31180024
41.1 269.034 0.3030624
41.2 268.082 0.30253842
41.3 266.718 0.30082607
41.4 264.83 0.29635057
41.5 264.211 0.28800184
41.6 261.997 0.28387034
41.7 263.548 0.28513715
41.8 262.712 0.2788605
41.9 267.52 0.25017473
42 267.58 0.2655705
42.1 269.134 0.2643125
42.2 273.052 0.26330957
42.3 275.805 0.2583299
42.4 276.675 0.26253822
42.5 279.615 0.24820848
42.6 284.033 0.26442418
42.7 286.254 0.26613727
42.8 288.927 0.2702307
42.9 293.259 0.27378678
43 299.403 0.26631612
43.1 297.219 0.2653035
43.2 302.744 0.26383516
43.3 301.858 0.26600614
43.4 301.889 0.26629487
43.5 300.744 0.2569207
43.6 304.89 0.25045282
43.7 307.888 0.2530591
43.8 310.354 0.2545041
43.9 309.485 0.26466548
44 313.595 0.25604528
44.1 311.877 0.25202638
44.2 312.256 0.25159636
44.3 314.561 0.253906
44.4 319.392 0.25369722
44.5 320.199 0.24638951
44.6 320.523 0.24327199
44.7 328.517 0.24280693
44.8 332.969 0.24090701
44.9 342.201 0.24057034
45 352.777 0.24104288
45.1 358.07 0.23908988
45.2 362.907 0.23995337
45.3 373.773 0.23480576
45.4 376.761 0.24430224
45.5 383.269 0.23419623
45.6 390.705 0.23699796
45.7 396.023 0.23661199
45.8 402.061 0.238417
45.9 410.625 0.23107381
46 417.701 0.23559104
46.1 422.76 0.22811733
46.2 426.14 0.23706266
46.3 431.602 0.23977318
46.4 434.784 0.23158115
46.5 437.649 0.23138273
46.6 440.789 0.22762181
46.7 446.137 0.23210704
46.8 447.901 0.23366933
46.9 450.197 0.23034531
47 447.603 0.2299532
47.1 447.427 0.23001783
47.2 451.566 0.22880085
47.3 448.094 0.22483066
47.4 445.929 0.22891988
47.5 444.513 0.23198612
47.6 440.708 0.22563465
47.7 437.149 0.23144726
47.8 436.706 0.23510051
47.9 435.492 0.22441792
48 434.357 0.22655246
48.1 431.501 0.21635635
48.2 432.086 0.21096551
48.3 426.094 0.2153002
48.4 427.595 0.2141691
48.5 427.516 0.20262702
48.6 424.414 0.19632679
48.7 417.687 0.1992804
48.8 415.177 0.1981487
48.9 415.192 0.19368377
49 414.653 0.19949134
49.1 413.483 0.19577779
49.2 412.955 0.19276057
49.3 415.576 0.18764625
49.4 411.074 0.1790671
49.5 402.585 0.17222565
49.6 399.161 0.17311533
49.7 400.368 0.17870326
49.8 395.813 0.18143131
49.9 390.767 0.17371668
50 387.201 0.16205059
50.1 374.341 0.16185051
50.2 370.297 0.16437949
50.3 369.048 0.16163935
50.4 361.841 0.17249905
50.5 357.745 0.15936635
50.6 352.902 0.16292118
50.7 345.823 0.16294615
50.8 338.754 0.15773304
50.9 330.315 0.14279333
51 322.047 0.1505655
51.1 310.067 0.14190976
51.2 299.981 0.15134469
51.3 295.338 0.15234847
51.4 290.99 0.1539086
51.5 287.286 0.15218231
51.6 285.04 0.1423285
51.7 282.15 0.15050271
51.8 277.103 0.1484877
51.9 277.324 0.1565964
52 275.111 0.14428824
52.1 273.605 0.15171298
52.2 274.42 0.15244818
52.3 270.133 0.15579471
52.4 271.851 0.14802735
52.5 271.158 0.14448005
52.6 272.663 0.14807336
52.7 268.97 0.14191571
52.8 268.521 0.14180486
52.9 265.205 0.13669914
53 263.956 0.131474
53.1 263.916 0.13602042
53.2 265.375 0.12816547
53.3 266.977 0.13600512
53.4 267.006 0.123819284
53.5 265.443 0.12293555
53.6 263.706 0.11402247
53.7 265.071 0.12121105
53.8 271.235 0.11460442
53.9 269.765 0.11397759
54 270.898 0.1207892
54.1 272.31 0.122098185
54.2 271.662 0.12880199
54.3 273.121 0.12483566
54.4 272.975 0.12248474
54.5 272.247 0.11726776
54.6 277.569 0.1221151
54.7 280.409 0.12212102
54.8 280.674 0.12473044
54.9 281.205 0.12424681
55 284.464 0.117157914
55.1 282.296 0.11712916
55.2 285.905 0.11434889
55.3 286 0.11226146
55.4 285.986 0.112788916
55.5 287.772 0.11326645
55.6 289.551 0.11867711
55.7 289.08 0.116797864
55.8 289.284 0.114961244
55.9 288.963 0.109233394
56 293.725 0.11459329
56.1 297.827 0.11952255
56.2 304.098 0.123835795
56.3 310.463 0.11929734
56.4 310.893 0.12211681
56.5 307.249 0.116061
56.6 309.734 0.11428732
56.7 311.969 0.11548628
56.8 310.018 0.11926871
56.9 308.892 0.12781435
57 305.664 0.12608068
57.1 305.82 0.12191701
57.2 304.047 0.12530515
57.3 300.302 0.12787819
57.4 299.809 0.12024884
57.5 298.822 0.12575886
57.6 300.239 0.12538314
57.7 302.001 0.12528001
57.8 306.637 0.12144704
57.9 306.467 0.12383814
58 309.004 0.11493933
58.1 309.461 0.11699929
58.2 304.106 0.11747848
58.3 298.315 0.10490568
58.4 295.523 0.10228979
58.5 297.899 0.10324621
58.6 294.772 0.09704296
58.7 295.603 0.093239084
58.8 296.708 0.09581966
58.9 296.278 0.088034496
59 297.835 0.084932916
59.1 295.162 0.06614604
59.2 295.962 0.06511919
59.3 293.83 0.065589614
59.4 292.462 0.06533308
59.5 292.161 0.06288917
59.6 293.757 0.06350164
59.7 288.933 0.06245222
59.8 286.25 0.061971806
59.9 288.402 0.058249384
60 287.151 0.060380008
60.1 284.944 0.05890963
60.2 286.573 0.0607206
60.3 284.191 0.0577161
60.4 280.771 0.048702486
60.5 277.657 0.048105817
60.6 273.013 0.04755658
60.7 269.354 0.049940743
60.8 265.917 0.047597677
60.9 264.547 0.044812832
61 264.713 0.046379525
61.1 260.293 0.047240335
61.2 256.488 0.04476898
61.3 250.85 0.039264895
61.4 246.188 0.034694005
61.5 246.897 0.033310603
61.6 247.657 0.032163236
61.7 242.558 0.03182337
61.8 238.213 0.03118425
61.9 235.27 0.03096876
62 235.74 0.033031758
62.1 234.988 0.030579736
62.2 234.304 0.031053947
62.3 233.615 0.031171735
62.4 238.686 0.029885814
62.5 239.003 0.02805808
62.6 240.201 0.028467536
62.7 240.4 0.028326986
62.8 238.069 0.028804012
62.9 239.702 0.028311437
63 240.853 0.028882584
63.1 239.663 0.02606421
63.2 242.973 0.026059441
63.3 247.18 0.022069247
63.4 250.778 0.022427773
63.5 251.295 0.016037462
63.6 253.289 0.02217149
63.7 258.889 0.019920185
63.8 262.031 0.020962572
63.9 262.918 0.019674478
64 263.55 0.01974009
64.1 266.573 0.014657337
64.2 267.857 0.017857565
64.3 266.914 0.0135303615
64.4 270.753 0.0115717165
64.5 271.16 0.008034086
64.6 270.181 0.005757796
64.7 272.752 0.0055028186
64.8 278.692 0.0071495962
64.9 279.098 0.007261907
65 278.474 0.008380874
65.1 286.353 0.0035486855
65.2 286.218 0.0020361757
65.3 283.383 0.0020078502
65.4 292.786 0.0013797681
65.5 299.741 5.5233013e-06
65.6 302.034 4.705343e-06
65.7 307.857 4.9261973e-07
65.8 311.977 6.585061e-05
65.9 315.738 0.0012781234
66 319.424 2.9069258e-07
66.1 325.405 4.3408395e-11
66.2 331.763 7.9804036e-10
66.3 333.725 1.2432605e-09
66.4 342.83 5.6607874e-10
66.5 352.917 6.8891987e-10
66.6 355.005 1.3366792e-10
66.7 360.63 1.7681253e-07
66.8 368.22 2.794035e-10
66.9 375.677 1.692249e-10
67 382.06 6.49908e-10
67.1 389.375 3.7790622e-07
67.2 394.53 1.7922869e-06
67.3 397.967 3.3476593e-11
67.4 404.166 2.1312179e-09
67.5 407.24 1.5212769e-09
67.6 415.386 8.993842e-11
67.7 420.808 7.780669e-12
67.8 426.136 1.7289954e-11
67.9 431.14 1.1607823e-11
68 435.33 3.8465884e-12
68.1 442.528 3.300404e-11
68.2 449.871 2.0307583e-10
68.3 458.482 2.5334571e-11
68.4 468.187 1.2251679e-11
68.5 475.691 1.560608e-11
68.6 485.435 1.0129224e-11
68.7 491.961 4.181746e-12
68.8 499.443 5.6609045e-12
68.9 506.667 1.4384296e-11
69 516.176 4.319549e-11
69.1 526.33 4.5251433e-12
69.2 533.837 5.690162e-12
69.3 544.642 1.2919887e-11
69.4 554.956 5.312613e-11
69.5 559.739 3.8142462e-12
69.6 569.862 2.7325708e-11
69.7 579.707 6.241486e-10
69.8 589.158 3.5573856e-11
69.9 601.068 2.6106732e-12
70 613.306 8.900404e-11
70.1 621.09 2.7121864e-12
70.2 627.186 2.5693675e-12
70.3 639.887 3.0206332e-10
70.4 653.039 4.2763523e-10
70.5 662.335 9.7988076e-11
70.6 670.92 1.12159e-11
70.7 685.447 9.1421704e-10
70.8 698.688 1.9019986e-10
70.9 709.411 5.933595e-10
71 725.182 7.6884155e-10
71.1 738.018 2.3249933e-12
71.2 749.521 2.397883e-12
71.3 763.486 1.4382383e-12
71.4 781.575 2.091037e-12
71.5 793.26 4.202325e-12
71.6 804.343 1.8735076e-11
71.7 819.092 8.155172e-12
71.8 832.268 1.4807358e-12
71.9 843.668 1.4773257e-12
72 857.002 1.7940106e-11
72.1 870.512 5.383394e-12
72.2 880.171 9.155851e-12
72.3 892.318 7.942655e-12
72.4 902.641 1.7231328e-12
72.5 913.546 2.582173e-12
72.6 919.721 1.2832951e-12
72.7 925.197 1.7534688e-12
72.8 935.758 1.8523442e-12
72.9 945.26 4.4705836e-12
73 953.45 1.6426794e-11
73.1 958.803 1.4819278e-11
73.2 965.436 3.9770778e-12
73.3 969.761 2.8413162e-12
73.4 973.853 3.7263027e-12
73.5 974.19 2.9646925e-12
73.6 979.631 2.9286296e-12
73.7 982.987 1.2672457e-11
73.8 987.915 7.6474765e-10
73.9 987.308 5.94018e-12
74 990.634 1.0383975e-11
74.1 994.578 7.43429e-09
74.2 993.978 1.6507897e-07
74.3 995.311 1.713245e-12
74.4 997.455 2.253368e-12
74.5 997.465 1.9328844e-11
74.6 998.345 1.2573925e-11
74.7 995.96 5.467038e-11
74.8 996.364 6.9741934e-10
74.9 992.987 2.9328268e-10
75 987.819 1.3215999e-10
75.1 986.528 3.299617e-09
75.2 986.202 5.297988e-11
75.3 984.472 3.3260977e-11
75.4 981.762 4.7615467e-07
75.5 981.252 7.511872e-11
75.6 978.499 2.1690172e-11
75.7 978.131 5.4725977e-11
75.8 973.512 3.0705413e-10
75.9 967.297 1.850476e-11
76 963.991 6.6548806e-12
76.1 959.795 1.9121602e-11
76.2 955.734 1.4774746e-11
76.3 948.643 1.909373e-11
76.4 943.325 4.1224166e-10
76.5 933.615 3.2665606e-11
76.6 924.271 2.760217e-10
76.7 918.328 2.5841516e-11
76.8 914.552 4.3095852e-12
76.9 908.236 3.2692066e-10
77 907.173 4.5064544e-10
77.1 906.006 4.723824e-09
77.2 904.672 4.754049e-12
77.3 906.571 6.5508636e-12
77.4 903.856 1.7860436e-09
77.5 901.694 7.860395e-12
77.6 899.441 1.2075914e-07
77.7 898.431 6.4380146e-09
77.8 893.681 4.4185263e-12
77.9 885.684 1.8683919e-07
78 880.023 3.339857e-10
78.1 875.676 1.8061917e-11
78.2 874.048 5.715029e-12
78.3 868.762 3.0567068e-12
78.4 869.152 3.314859e-12
78.5 863.081 5.622741e-12
78.6 860.354 1.0491469e-11
78.7 858.877 2.2430793e-11
78.8 859.935 3.3093778e-11
78.9 858.785 2.0683278e-11
79 861.29 5.226789e-12
79.1 858.431 1.8806413e-11
79.2 857.803 7.0958035e-12
79.3 861.026 9.595932e-11
79.4 857.891 9.355439e-12
79.5 855.354 1.1867038e-11
79.6 854.787 3.543021e-12
79.7 857.015 5.3397946e-12
79.8 861.578 8.834587e-11
79.9 862.829 8.723913e-11
80 868.894 9.734647e-11
80.1 873.1 1.5210324e-08
80.2 875.319 4.85264e-10
80.3 880.516 1.8479493e-07
80.4 886.561 1.1170262e-10
80.5 891.304 6.614551e-12
80.6 892.027 5.2369424e-12
80.7 892.807 2.1412464e-12
80.8 895.568 4.6562073e-12
80.9 901.305 5.462229e-12
81 907.028 4.1338014e-12
81.1 911 1.1972319e-11
81.2 914.975 2.5903479e-11
81.3 919.244 3.660144e-12
81.4 924.124 4.5288807e-12
81.5 925.132 1.8252202e-11
81.6 929.465 7.431907e-11
81.7 934.831 6.080346e-11
81.8 936.826 2.6290971e-11
81.9 937.104 2.7209067e-11
82 942.559 3.658806e-11
82.1 943.649 4.404303e-12
82.2 939.297 3.4951213e-12
82.3 939.896 1.4578979e-11
82.4 941.93 3.345109e-12
82.5 946.983 6.0427933e-11
82.6 953.135 2.1279018e-12
82.7 956.874 8.999039e-11
82.8 965.506 1.4049427e-12
82.9 974.342 1.4581421e-11
83 980.701 2.0546555e-12
83.1 987.693 1.9268602e-09
83.2 995.046 1.11256065e-11
83.3 998.374 2.134452e-12
83.4 1003.02 1.1604754e-11
83.5 1003.97 1.03156644e-07
83.6 1007.85 4.1593846e-12
83.7 1015.78 1.4425769e-12
83.8 1017.7 2.7101837e-10
83.9 1016.19 1.92081e-12
84 1015.07 1.229889e-12
84.1 1015.46 3.5609961e-12
84.2 1014.35 4.612569e-12
84.3 1012.99 2.138694e-12
84.4 1012.24 4.5550894e-12
84.5 1017.1 3.5448979e-12
84.6 1017.94 1.4687448e-12
84.7 1018.79 8.579723e-12
84.8 1019.38 2.2747698e-12
84.9 1015.67 7.1023578e-12
85 1013.09 2.393718e-12
85.1 1011.36 6.348017e-12
85.2 1010.2 2.103725e-12
85.3 1009.35 1.5029729e-12
85.4 1006.55 3.0444774e-12
85.5 999.045 3.2509178e-12
85.6 993.922 4.0365775e-12
85.7 991.015 4.2335783e-12
85.8 989.764 1.5297409e-12
85.9 986.476 5.3204303e-12
86 979.697 4.8559576e-12
86.1 973.688 4.5423322e-12
86.2 970.003 3.790794e-12
86.3 963.961 5.2760716e-11
86.4 957.779 1.4197145e-12
86.5 951.305 1.6373242e-12
86.6 948.865 8.959592e-11
86.7 944.425 8.3329715e-12
86.8 940.306 2.1332304e-12
86.9 935.462 6.430154e-12
87 933.026 5.327097e-12
87.1 929.803 1.8588074e-11
87.2 924.473 3.9169093e-12
87.3 920.917 3.7159767e-12
87.4 918.017 2.2817749e-10
87.5 910.338 1.3875254e-11
87.6 905.127 4.9232386e-11
87.7 898.046 2.281402e-11
87.8 892.101 3.2665019e-12
87.9 884.028 3.3137854e-11
88 879.136 6.995409e-12
88.1 878.735 3.8452182e-11
88.2 871.77 4.172922e-12
88.3 868.132 2.9693012e-12
88.4 866.686 2.344498e-12
88.5 865.376 3.2412528e-11
88.6 864.293 1.6949008e-11
88.7 864.091 3.3203876e-12
88.8 860.457 4.174374e-11
88.9 860.229 7.110164e-11
89 861.696 1.9401614e-11
89.1 862.201 2.299301e-11
89.2 863.843 8.8189865e-11
89.3 870.325 2.8123816e-11
89.4 871.738 2.856036e-11
89.5 874.741 9.770241e-11
89.6 875.138 2.376907e-11
89.7 878.214 2.8683642e-11
89.8 878.687 2.1277745e-12
89.9 877.351 1.0520169e-09
90 882.298 3.0907148e-12
90.1 885.698 4.3744075e-12
90.2 886.646 4.1091774e-12
90.3 890.725 3.035641e-12
90.4 889.081 8.706324e-12
90.5 891.052 7.5073406e-11
90.6 895.241 4.803599e-12
90.7 898.272 7.384377e-11
90.8 901.43 1.1455616e-11
90.9 904.367 4.813156e-12
91 907.755 6.3821387e-12
91.1 908.185 3.4108046e-12
91.2 913.342 1.4248008e-12
91.3 914.425 1.3300378e-11
91.4 918.051 2.2645514e-11
91.5 919.954 4.700616e-12
91.6 928.074 1.5323472e-11
91.7 930.106 1.6990628e-11
91.8 933.193 7.718473e-12
91.9 939.541 2.531394e-12
92 944.272 3.4325392e-12
92.1 946.154 8.418811e-12
92.2 946.908 1.2575055e-10
92.3 951.578 1.23649025e-11
92.4 957.981 7.5227026e-11
92.5 962.268 2.1318945e-11
92.6 968.09 3.7744738e-11
92.7 972.156 3.063535e-11
92.8 979.389 5.649747e-11
92.9 986.918 1.7542397e-10
93 993.29 6.741393e-11
93.1 997.538 1.4626607e-12
93.2 999.004 7.517391e-12
93.3 1003.75 6.6619037e-12
93.4 1005.97 3.3497853e-12
93.5 1009.34 1.0371507e-11
93.6 1013.59 2.269489e-12
93.7 1017.66 4.489421e-12
93.8 1022.9 3.0539404e-11
93.9 1027.14 8.179167e-13
94 1031 3.5341723e-12
94.1 1035.5 1.655401e-10
94.2 1039.58 1.9409012e-12
94.3 1041.29 4.230248e-11
94.4 1043.45 8.002944e-11
94.5 1046.89 6.4407516e-12
94.6 1050.16 1.4577699e-08
94.7 1055.5 9.6563084e-11
94.8 1058.2 3.9296257e-12
94.9 1062.7 1.1413212e-11
95 1072.45 5.3618416e-12
95.1 1080.04 3.4367528e-12
95.2 1089.17 1.1574497e-12
95.3 1094.43 2.23652e-12
95.4 1098.61 3.2302884e-12
95.5 1106.83 4.3083406e-12
95.6 1110.56 5.864177e-12
95.7 1115.45 1.5157928e-12
95.8 1121.45 3.1573518e-12
95.9 1129.35 1.1722627e-11
96 1133.19 1.6130791e-12
96.1 1139.73 2.7260267e-12
96.2 1148.57 5.4460914e-10
96.3 1156.67 5.0186183e-10
96.4 1167.42 5.6652034e-11
96.5 1175.66 8.39979e-12
96.6 1186.88 5.3123894e-12
96.7 1191.6 3.37839e-12
96.8 1199.21 1.7607242e-12
96.9 1207.38 2.0872862e-11
97 1215.93 2.1693574e-12
97.1 1221.73 1.9960392e-12
97.2 1229.79 1.1571639e-12
97.3 1237.94 3.3135033e-12
97.4 1244.21 1.9875744e-12
97.5 1251.44 2.4971648e-12
97.6 1257.01 2.784122e-12
97.7 1260.96 1.6639146e-12
97.8 1265.93 2.9094062e-12
97.9 1272.61 1.2743016e-12
98 1277.29 6.103588e-13
98.1 1281.6 2.0925059e-12
98.2 1286.82 4.918277e-13
98.3 1290.98 9.944777e-13
98.4 1298.41 1.6677961e-12
98.5 1304.3 2.1500382e-12
98.6 1310.44 2.8644418e-12
98.7 1316.6 4.708621e-13
98.8 1323.67 8.282509e-13
98.9 1326.34 1.9449986e-12
99 1329.58 9.752571e-13
99.1 1333.65 4.314268e-13
99.2 1337.26 6.485584e-13
99.3 1341.66 4.6203953e-13
99.4 1344.46 1.848899e-12
99.5 1348.31 5.08531e-13
99.6 1353.33 8.424717e-13
99.7 1356.17 3.9957645e-13
99.8 1353.81 6.6116004e-13
99.9 1355.89 4.913442e-12
100 1358.25 3.024195e-12
100.1 1357.42 1.3502815e-12
100.2 1354.34 5.882177e-13
100.3 1353.15 1.5311158e-12
100.4 1353.86 5.3601703e-13
100.5 1349.7 1.8770424e-12
100.6 1349.57 3.5672303e-13
100.7 1349.9 2.3685595e-13
100.8 1348.87 5.071112e-13
100.9 1346.4 4.3902395e-13
101 1342.03 4.3890646e-12
101.1 1339.07 1.4275062e-12
101.2 1335.12 1.0776832e-11
101.3 1331.98 1.402574e-12
101.4 1324.72 2.7068096e-11
101.5 1318.26 5.852814e-12
101.6 1312.11 1.5131061e-11
101.7 1301.96 1.0248613e-11
101.8 1294.66 4.2778676e-12
101.9 1286.39 1.8841105e-10
102 1279.43 4.331895e-11
102.1 1268.91 1.1403798e-11
102.2 1265.74 5.043402e-11
102.3 1259.58 4.56732e-12
102.4 1255.56 3.140782e-10
102.5 1252.72 2.3627692e-11
102.6 1246.47 1.773673e-11
102.7 1239.2 2.6789945e-11
102.8 1236.92 2.2403888e-11
102.9 1229.7 1.1267738e-11
103 1220.69 1.133314e-10
103.1 1211.78 3.4900188e-10
103.2 1207.16 6.221898e-11
103.3 1202.36 5.0017307e-10
103.4 1196.21 8.987994e-12
103.5 1187.47 8.218172e-09
103.6 1182.61 2.8799381e-11
103.7 1176.06 8.7947705e-12
103.8 1167.76 2.4316165e-12
103.9 1160.91 4.0980716e-10
104 1160.21 2.549819e-11
104.1 1156.83 6.365427e-08
104.2 1152.09 1.4307567e-11
104.3 1147.15 1.9964713e-10
104.4 1143.44 4.0981853e-11
104.5 1141.8 2.597344e-11
104.6 1136.88 7.2446764e-11
104.7 1131.12 3.7636855e-12
104.8 1124.62 1.1587916e-10
104.9 1124.19 3.852197e-11
105 1121.27 1.2444973e-11
105.1 1118.53 2.345682e-10
105.2 1114.92 9.149933e-11
105.3 1112.01 4.36789e-11
105.4 1105.62 1.1939185e-11
105.5 1101.28 6.460224e-11
105.6 1101.48 6.9490913e-10
105.7 1098.77 7.6042846e-11
105.8 1096.21 1.042097e-11
105.9 1093.73 3.7050876e-11
106 1092.95 6.958308e-11
106.1 1092.47 2.0497805e-11
106.2 1090.68 8.010638e-12
106.3 1086.27 1.1087098e-11
106.4 1085.34 1.7926681e-11
106.5 1083.19 9.566785e-12
