0 389.604 0.99999934
0.1 392.771 0.9995585
0.2 398.811 0.9990664
0.3 400.297 0.9959831
0.4 402.72 0.99624276
0.5 406.649 0.9961511
0.6 406.001 0.9943164
0.7 409.57 0.99500406
0.8 415.029 0.9934563
0.9 420.479 0.99402755
1 424.007 0.9932805
1.1 419.995 0.9880607
1.2 419.661 0.9905506
1.3 417.119 0.9940176
1.4 416.704 0.9891723
1.5 416.092 0.99211913
1.6 416.691 0.99368274
1.7 418.027 0.9959965
1.8 418.183 0.9954072
1.9 420.018 0.9954344
2 419.076 0.993011
2.1 418.623 0.99175835
2.2 416.657 0.9893369
2.3 412.058 0.99297833
2.4 408.383 0.99158895
2.5 407.393 0.9947842
2.6 413.781 0.99298483
2.7 417.172 0.98950386
2.8 418.539 0.9951937
2.9 421.903 0.99419546
3 427.287 0.99340177
3.1 432.066 0.99226546
3.2 438.048 0.98535925
3.3 443.55 0.99058086
3.4 447.559 0.99014485
3.5 450.191 0.9844473
3.6 448.477 0.98026365
3.7 444.94 0.9883287
3.8 439.688 0.99339753
3.9 436.4 0.9938569
4 431.92 0.9922371
4.1 429.979 0.993408
4.2 427.275 0.98687834
4.3 421.272 0.99648136
4.4 416.847 0.9930896
4.5 405.138 0.9917616
4.6 395.434 0.99061185
4.7 386.587 0.99163264
4.8 377.994 0.99038625
4.9 363.64 0.9897991
5 353.357 0.9934526
5.1 345.907 0.9951223
5.2 341.557 0.99336845
5.3 336.222 0.99456584
5.4 331.112 0.9963033
5.5 326.589 0.99225736
5.6 320.624 0.9883619
5.7 318.381 0.98190355
5.8 315.209 0.9896309
5.9 312.329 0.9903936
6 308.336 0.98942405
6.1 302.44 0.9937847
6.2 302.945 0.99367476
6.3 303.047 0.9920862
6.4 301.739 0.98449165
6.5 297.592 0.9925059
6.6 295.003 0.99277526
6.7 290.821 0.9907885
6.8 284.221 0.98562336
6.9 280.277 0.9900471
7 271.24 0.9907166
7.1 269.92 0.98858863
7.2 268.944 0.9957446
7.3 268.886 0.9894295
7.4 270.018 0.99340606
7.5 267.183 0.9931423
7.6 263.687 0.9889771
7.7 260.902 0.9912262
7.8 259.316 0.9935063
7.9 255.561 0.98949915
8 253.245 0.9903475
8.1 251.401 0.98710847
8.2 252.709 0.98448086
8.3 245.997 0.9841039
8.4 236.165 0.98022765
8.5 231.124 0.983318
8.6 226.098 0.9833343
8.7 226.835 0.9887998
8.8 231.658 0.98619276
8.9 235.332 0.9776062
9 234.37 0.9830317
9.1 233.653 0.98449785
9.2 226.608 0.98519987
9.3 223.254 0.9871061
9.4 221.981 0.98251826
9.5 218.245 0.986911
9.6 222.725 0.99185723
9.7 220.938 0.98847085
9.8 217.156 0.98796254
9.9 216.443 0.98475647
10 216.511 0.98371536
10.1 214.954 0.9905042
10.2 214.868 0.9964797
10.3 210.556 0.99101126
10.4 209.819 0.98978525
10.5 210.171 0.98590314
10.6 207.686 0.99266875
10.7 206.91 0.99228483
10.8 203.56 0.9854574
10.9 200.375 0.99487334
11 196.468 0.99401593
11.1 193.084 0.9906147
11.2 192.611 0.99169254
11.3 191.052 0.9957625
11.4 187.265 0.9943999
11.5 186.539 0.99646425
11.6 184.683 0.9902697
11.7 184.72 0.9930226
11.8 184.811 0.99185973
11.9 186.864 0.99473476
12 187.97 0.9964536
12.1 195.554 0.99564344
12.2 195.699 0.9905065
12.3 195.709 0.99494797
12.4 197.184 0.99012095
12.5 198.975 0.9909565
12.6 201.841 0.9961854
12.7 205.375 0.99106246
12.8 202.429 0.9904412
12.9 205.094 0.994457
13 201.989 0.9949204
13.1 199.363 0.9902558
13.2 199.567 0.9934136
13.3 196.726 0.9909349
13.4 199.658 0.9946779
13.5 203.24 0.99195397
13.6 203.036 0.9870329
13.7 202.334 0.97796625
13.8 201.511 0.9853606
13.9 203.954 0.986745
14 201.601 0.97794926
14.1 203.659 0.9810744
14.2 202.843 0.98244214
14.3 208.513 0.99066275
14.4 211.138 0.9901531
14.5 212.275 0.9895307
14.6 210.168 0.9906617
14.7 207.079 0.9873831
14.8 207.441 0.9888638
14.9 211.758 0.9860413
15 211.909 0.99454707
15.1 214.014 0.99259454
15.2 217.337 0.99152887
15.3 213.079 0.99184203
15.4 218.886 0.9893124
15.5 218.363 0.98643875
15.6 216.758 0.98678493
15.7 214.614 0.99075365
15.8 214.116 0.9935274
15.9 212.977 0.9895823
16 213.295 0.99132335
16.1 213.335 0.9890106
16.2 213.944 0.9888317
16.3 215.566 0.99241936
16.4 215.65 0.9891082
16.5 218.055 0.98594385
16.6 219.455 0.99205816
16.7 222.184 0.9892958
16.8 222.322 0.98866343
16.9 219.5 0.9929988
17 219.869 0.9942937
17.1 220.081 0.989958
17.2 219.011 0.99288356
17.3 220.075 0.98525566
17.4 221.021 0.9848492
17.5 221.517 0.9901134
17.6 224.047 0.98934054
17.7 229.142 0.9869236
17.8 230.619 0.98916614
17.9 240.166 0.99286175
18 242.574 0.99251485
18.1 253.667 0.99060863
18.2 261.257 0.99297506
18.3 267.668 0.99112904
18.4 275.027 0.9922547
18.5 279.617 0.98088604
18.6 287.632 0.98606026
18.7 297.392 0.98866457
18.8 308.305 0.982864
18.9 315.439 0.9896705
19 319.726 0.9852418
19.1 332.244 0.9845133
19.2 338.982 0.9827085
19.3 351.178 0.9904558
19.4 359.083 0.98513436
19.5 365.871 0.9831752
19.6 372.662 0.9871949
19.7 386.449 0.9827954
19.8 399.45 0.9900403
19.9 411.329 0.9866234
20 419.644 0.98922396
20.1 428.875 0.9861445
20.2 435.84 0.9920665
20.3 440.087 0.9906175
20.4 453.105 0.98638076
20.5 458.039 0.99090415
20.6 466.431 0.98897433
20.7 472.921 0.98785454
20.8 483.046 0.9826801
20.9 489.202 0.9863162
21 499.572 0.9793108
21.1 504.227 0.98611456
21.2 507.785 0.99038535
21.3 512.118 0.98986226
21.4 514.807 0.98880196
21.5 519.391 0.9936996
21.6 524.708 0.990337
21.7 528.635 0.9906278
21.8 531.725 0.98782796
21.9 535.496 0.99137104
22 541.982 0.9919724
22.1 543.434 0.98438853
22.2 542.786 0.99099475
22.3 542.491 0.98749995
22.4 544.489 0.9844039
22.5 546.307 0.9878788
22.6 546.157 0.9890403
22.7 544.262 0.98097414
22.8 544.031 0.9910287
22.9 543.498 0.9905333
23 540.706 0.98186964
23.1 538.568 0.9815123
23.2 531.675 0.98005307
23.3 529.262 0.97873086
23.4 521.254 0.9746246
23.5 513.855 0.97861135
23.6 507.721 0.97300625
23.7 500.413 0.9749429
23.8 492.765 0.97586316
23.9 488.957 0.96857804
24 484.094 0.9706814
24.1 476.999 0.9663881
24.2 468.441 0.95664054
24.3 463.974 0.954391
24.4 456.25 0.9332307
24.5 451.358 0.9309784
24.6 444.371 0.93583906
24.7 438.698 0.9372768
24.8 431.693 0.9350057
24.9 423.659 0.93130475
25 414.844 0.9393274
25.1 407.628 0.9420776
25.2 399.916 0.92588276
25.3 393.141 0.93271065
25.4 391.231 0.93051386
25.5 380.827 0.92390174
25.6 375.425 0.9126065
25.7 370.302 0.89761794
25.8 365.326 0.89957374
25.9 360.53 0.87601453
26 357.86 0.8565479
26.1 352.16 0.85485005
26.2 351.361 0.8452947
26.3 350.1 0.83709127
26.4 349.658 0.8441063
26.5 343.679 0.8440313
26.6 339.117 0.8359909
26.7 330.599 0.8408878
26.8 327.709 0.8424204
26.9 326.101 0.8464062
27 321.149 0.85177916
27.1 316.688 0.84779155
27.2 315.213 0.85196775
27.3 319.397 0.8464452
27.4 319.28 0.84910595
27.5 317.963 0.83791846
27.6 314.929 0.8439609
27.7 315.852 0.84063625
27.8 317.552 0.8453519
27.9 314.775 0.84422785
28 310.545 0.8436075
28.1 308.324 0.84237677
28.2 308.467 0.8447882
28.3 310.687 0.84518164
28.4 311.549 0.84387696
28.5 316.237 0.8358374
28.6 319.682 0.83690375
28.7 323.658 0.83924353
28.8 323.977 0.8401155
28.9 326.913 0.83976376
29 326.751 0.8280521
29.1 326.601 0.83161646
29.2 330.507 0.84427774
29.3 334.79 0.83468217
29.4 332.819 0.83103955
29.5 332.115 0.8331251
29.6 329.449 0.83343077
29.7 334.203 0.83801544
29.8 340.215 0.8351272
29.9 338.657 0.8418501
30 340.07 0.8406691
30.1 347.482 0.8331444
30.2 351.271 0.8267919
30.3 354.516 0.8207421
30.4 360.011 0.81696546
30.5 362.82 0.8253859
30.6 373.303 0.8196775
30.7 375.752 0.8173427
30.8 377.882 0.8196524
30.9 385.541 0.81493074
31 392.114 0.818007
31.1 396.198 0.8050421
31.2 399.405 0.8214018
31.3 401.458 0.811131
31.4 404.276 0.81896436
31.5 406.313 0.82415557
31.6 416.742 0.82447267
31.7 424.329 0.8199027
31.8 434.093 0.8214493
31.9 440.102 0.81776786
32 447.01 0.817077
32.1 456.353 0.81494945
32.2 465.795 0.82077086
32.3 477.443 0.8146385
32.4 480.095 0.82312423
32.5 484.302 0.8151594
32.6 487.311 0.82264894
32.7 490.415 0.8184022
32.8 492.307 0.81899333
32.9 492.271 0.82036966
33 497.281 0.8174445
33.1 501.899 0.82689697
33.2 505.698 0.8189726
33.3 507.884 0.81773937
33.4 508.531 0.82208586
33.5 507.503 0.82173425
33.6 507.337 0.82043564
33.7 502.978 0.82001454
33.8 500.534 0.8243538
33.9 501.703 0.8249788
34 497.004 0.82226384
34.1 495.649 0.82809913
34.2 496.36 0.8265512
34.3 493.45 0.8273375
34.4 487.24 0.83020926
34.5 486.92 0.8275865
34.6 486.073 0.822786
34.7 486.897 0.8264944
34.8 486.618 0.82381165
34.9 483.895 0.827651
35 483.067 0.8275847
35.1 482.315 0.82708424
35.2 477.446 0.8242286
35.3 472.025 0.817735
35.4 467.751 0.82878
35.5 463.686 0.82272726
35.6 456.479 0.8280193
35.7 447.849 0.82286704
35.8 443.468 0.8247106
35.9 441.736 0.83015496
36 436.688 0.82751614
36.1 428.361 0.82236046
36.2 423.58 0.8263446
36.3 422.703 0.8233257
36.4 414.878 0.8244592
36.5 411.122 0.82560325
36.6 406.284 0.8181987
36.7 400.149 0.8193312
36.8 394.487 0.8192063
36.9 384.744 0.81843483
37 376.72 0.81691456
37.1 369.751 0.81712097
37.2 358.629 0.81524295
37.3 350.893 0.81942165
37.4 335.573 0.81952894
37.5 326.032 0.8198687
37.6 317.413 0.81630504
37.7 310.354 0.8204875
37.8 307.686 0.8254056
37.9 300.394 0.82171744
38 294.075 0.8262191
38.1 286.966 0.8237212
38.2 282.881 0.82069606
38.3 275.974 0.82137674
38.4 271.798 0.8187041
38.5 264.745 0.82341945
38.6 260.45 0.81792164
38.7 256.729 0.8158961
38.8 255.862 0.80885965
38.9 254.815 0.8133702
39 253.692 0.8187211
39.1 256.614 0.81629705
39.2 256.846 0.8172555
39.3 254.704 0.8147581
39.4 255.221 0.8214738
39.5 255.348 0.8224336
39.6 256.518 0.8246193
39.7 257.348 0.82009363
39.8 255.554 0.82251453
39.9 252.295 0.8159463
40 251.079 0.81731737
40.1 250.687 0.82844204
40.2 251.024 0.8185593
40.3 252.064 0.8271263
40.4 254.667 0.8221486
40.5 257.625 0.82074696
40.6 256.771 0.82406247
40.7 261.231 0.81816804
40.8 264.387 0.81434536
40.9 266.31 0.82056713
41 264.666 0.80039763
41.1 265.949 0.81501025
41.2 271.955 0.8111077
41.3 275.977 0.8157493
41.4 274.345 0.82238686
41.5 280.194 0.8243198
41.6 281.758 0.82097524
41.7 281.955 0.8229941
41.8 284.12 0.82578886
41.9 287.907 0.8263918
42 295.371 0.8252667
42.1 298.291 0.8262288
42.2 302.669 0.8173075
42.3 307.359 0.8215295
42.4 309.462 0.8245971
42.5 316.154 0.82682353
42.6 324.571 0.8204625
42.7 332.814 0.8217008
42.8 339.225 0.8201671
42.9 336.793 0.8244589
43 341.544 0.8185536
43.1 349.643 0.8237698
43.2 351.873 0.8166803
43.3 354.494 0.81682336
43.4 360.4 0.8152362
43.5 365.166 0.820689
43.6 372.211 0.8143463
43.7 380.319 0.8182324
43.8 388.706 0.81677157
43.9 394.61 0.8190587
44 399.134 0.81978333
44.1 404.712 0.8241643
44.2 409.211 0.8208706
44.3 411.217 0.81599104
44.4 414.346 0.8164747
44.5 416.329 0.82636744
44.6 420.99 0.81996214
44.7 424.387 0.8259503
44.8 428.938 0.8243963
44.9 434.011 0.8232206
45 440.655 0.82584214
45.1 446.082 0.82037663
45.2 450.529 0.8219625
45.3 458.573 0.8235857
45.4 461.201 0.81969726
45.5 469.316 0.8203102
45.6 474.768 0.81953055
45.7 481.64 0.8232001
45.8 488.139 0.83279693
45.9 490.119 0.82763565
46 495.512 0.82614815
46.1 501.558 0.8295089
46.2 507.284 0.82049036
46.3 509.491 0.8172321
46.4 511.195 0.8234745
46.5 518.37 0.8203424
46.6 526.311 0.8182208
46.7 531.376 0.82362187
46.8 538.127 0.8175466
46.9 541.659 0.8245753
47 544.733 0.82231945
47.1 546.44 0.80950785
47.2 551.959 0.82640046
47.3 554.104 0.8252634
47.4 561.577 0.8207954
47.5 568.112 0.82405823
47.6 572.073 0.81778187
47.7 573.176 0.8183603
47.8 573.982 0.8125287
47.9 578.622 0.8171655
48 584.968 0.81881845
48.1 589.277 0.8222452
48.2 591.197 0.82724017
48.3 594.983 0.8231573
48.4 600.755 0.8212024
48.5 608.424 0.82040626
48.6 609.599 0.82363874
48.7 613.039 0.8202148
48.8 611.129 0.81926984
48.9 611.192 0.815142
49 613.271 0.8149173
49.1 614.162 0.82330513
49.2 614.591 0.8233372
49.3 613.479 0.8198773
49.4 618.653 0.82373655
49.5 624.701 0.8167527
49.6 626.369 0.81835544
49.7 629.705 0.82015157
49.8 631.389 0.81495404
49.9 628.981 0.8224777
50 632.229 0.8199206
50.1 628.682 0.82946646
50.2 630.287 0.829126
50.3 632.733 0.8243554
50.4 625.739 0.8299583
50.5 626.022 0.83076656
50.6 622.171 0.8273236
50.7 620.939 0.8209166
50.8 623.016 0.82072014
50.9 620.099 0.8212645
51 618.698 0.81689954
51.1 618.692 0.82328016
51.2 617.998 0.81396073
51.3 615.117 0.81942564
51.4 614.599 0.8028808
51.5 616.71 0.81630445
51.6 617.627 0.8203302
51.7 613.662 0.8112397
51.8 613.37 0.81259865
51.9 613.299 0.8185985
52 611.362 0.8184459
52.1 606.12 0.8256301
52.2 603.86 0.8176058
52.3 599.999 0.8205124
52.4 595.808 0.81911546
52.5 592.329 0.8198699
52.6 590.126 0.81303334
52.7 588.281 0.8241575
52.8 585.356 0.82600087
52.9 585.68 0.8196599
53 580.585 0.823038
53.1 579.667 0.8275408
53.2 574.381 0.8242755
53.3 568.121 0.8176917
53.4 567.294 0.8204542
53.5 566.359 0.8157709
53.6 557.955 0.81495565
53.7 555.166 0.82203084
53.8 549.648 0.82615113
53.9 548.057 0.82241535
54 547.573 0.8219765
54.1 546.864 0.82223
54.2 545.139 0.82128924
54.3 541.867 0.8264481
54.4 541.09 0.8210768
54.5 533.393 0.81997836
54.6 526.772 0.8269945
54.7 523.489 0.82684153
54.8 517.791 0.8121518
54.9 515.076 0.82596797
55 517.194 0.8218498
55.1 513.486 0.8231049
55.2 513.054 0.819982
55.3 509.721 0.820979
55.4 509.756 0.8225124
55.5 512.349 0.82219166
55.6 512.575 0.8247491
55.7 514.133 0.8242254
55.8 513.25 0.82272184
55.9 512.6 0.8205359
56 512.788 0.82646036
56.1 514.88 0.8250531
56.2 515.709 0.82789576
56.3 514.285 0.8272652
56.4 517.386 0.82552606
56.5 518.146 0.8220569
56.6 513.299 0.82428455
56.7 508.126 0.8265045
56.8 509.531 0.8286582
56.9 511.766 0.822041
57 511.562 0.8265716
57.1 513.112 0.82567996
57.2 517.028 0.82063305
57.3 522.976 0.82492834
57.4 526.841 0.81571996
57.5 529.885 0.81924474
57.6 532.498 0.82231766
57.7 534.955 0.82827544
57.8 541.073 0.8202712
57.9 544.495 0.8302488
58 544.948 0.8249185
58.1 549.121 0.8220509
58.2 553.481 0.8279211
58.3 561.113 0.83080465
58.4 565.568 0.82993066
58.5 572.422 0.8285977
58.6 575.675 0.8260726
58.7 580.156 0.8332553
58.8 585.151 0.8252675
58.9 594.764 0.8154939
59 600.716 0.8186247
59.1 601.83 0.8232256
59.2 604.003 0.8187712
59.3 611.014 0.8203201
59.4 619.004 0.81678337
59.5 626.232 0.8158915
59.6 635.278 0.8087162
59.7 644.871 0.82053167
59.8 653.35 0.816483
59.9 660.719 0.817535
60 666.006 0.8129042
60.1 671.812 0.8110433
60.2 677.75 0.807175
60.3 684.442 0.80939865
60.4 686.66 0.81239897
60.5 693.281 0.809601
60.6 696.846 0.8127826
60.7 696.778 0.80713725
60.8 696.64 0.8118367
60.9 699.533 0.81846875
61 698.942 0.8164347
61.1 697.807 0.8092576
61.2 695.686 0.80891323
61.3 696.389 0.80748826
61.4 697.614 0.80255216
61.5 698.088 0.81256396
61.6 699.86 0.8004659
61.7 703.914 0.79546773
61.8 708.054 0.8038805
61.9 709.133 0.8004521
62 706.811 0.7997181
62.1 705.113 0.79838854
62.2 704.418 0.79988194
62.3 703.311 0.787408
62.4 696.214 0.7775658
62.5 695.542 0.76690173
62.6 693.932 0.77559286
62.7 691.061 0.7764642
62.8 687.714 0.7530121
62.9 683.007 0.74229854
63 684.011 0.7204525
63.1 680.996 0.6865543
63.2 679.506 0.68937325
63.3 674.671 0.6865218
63.4 670.638 0.6772016
63.5 669.529 0.6730841
63.6 663.029 0.66214293
63.7 657.931 0.64964926
63.8 658.361 0.6399593
63.9 660.816 0.635477
64 656.048 0.6389405
64.1 653.226 0.6252271
64.2 650.612 0.62207234
64.3 645.34 0.6160602
64.4 640.653 0.59954786
64.5 633.309 0.60846597
64.6 624.777 0.58395094
64.7 617.579 0.5819399
64.8 613.244 0.5933316
64.9 607.806 0.5715862
65 603.213 0.5581887
65.1 599.919 0.54024667
65.2 595.982 0.52317655
65.3 591.746 0.519445
65.4 587.941 0.50992227
65.5 583.461 0.50718194
65.6 574.27 0.50299346
65.7 568.17 0.5115479
65.8 565.994 0.5038186
65.9 566.474 0.50361985
66 564.966 0.47890052
66.1 563.817 0.48209703
66.2 560.595 0.47858
66.3 560.091 0.48026136
66.4 556.24 0.47047982
66.5 555.954 0.4572889
66.6 551.56 0.43282086
66.7 551.495 0.44335127
66.8 550.315 0.4358492
66.9 548.853 0.4378244
67 546.197 0.43376917
67.1 547.969 0.4358207
67.2 548.523 0.43417847
67.3 549.181 0.4391464
67.4 549.348 0.44755363
67.5 550.161 0.43620262
67.6 546.71 0.4375869
67.7 543.672 0.42864302
67.8 544.036 0.42688158
67.9 543.207 0.42737347
68 546.45 0.42499113
68.1 542.148 0.4233213
68.2 544.394 0.41752294
68.3 543.088 0.42019144
68.4 546.208 0.4090315
68.5 546.777 0.4115163
68.6 549.666 0.41635144
68.7 550.99 0.4031772
68.8 551.701 0.39476296
68.9 550.495 0.38632903
69 544.967 0.3951545
69.1 543.413 0.3927537
69.2 541.875 0.3909707
69.3 542.228 0.3789816
69.4 546.547 0.3842768
69.5 543.467 0.38439214
69.6 544.399 0.391621
69.7 546.666 0.3993137
69.8 549.675 0.37394235
69.9 549.971 0.37716576
70 550.067 0.3646657
70.1 548.8 0.36696687
70.2 548.372 0.37033802
70.3 544.425 0.36464044
70.4 543.159 0.3636074
70.5 542.181 0.3457768
70.6 544.578 0.34849524
70.7 549.253 0.3431183
70.8 555.704 0.34241712
70.9 559.875 0.33779842
71 561.35 0.33630538
71.1 565.09 0.32654598
71.2 566.841 0.3301909
71.3 577.435 0.3282546
71.4 585.401 0.3095116
71.5 590.663 0.30634493
71.6 595.797 0.31523347
71.7 605.368 0.31969425
71.8 612.211 0.3214307
71.9 618.001 0.32367012
72 626.932 0.31300232
72.1 633.95 0.3132738
72.2 635.242 0.31759873
72.3 644.592 0.31957182
72.4 654.105 0.31251922
72.5 665.107 0.31288937
72.6 674.774 0.31129646
72.7 685.307 0.29964462
72.8 698.67 0.30654037
72.9 709.297 0.29407692
73 719.708 0.29978013
73.1 725.998 0.29752135
73.2 739.629 0.29936284
73.3 751.343 0.30094224
73.4 760.271 0.28984213
73.5 768.576 0.29772687
73.6 780.222 0.28693765
73.7 790.728 0.29457816
73.8 805.083 0.28385475
73.9 818.648 0.30338287
74 829.65 0.29312432
74.1 843.345 0.2966705
74.2 860.037 0.30301312
74.3 881.093 0.2965091
74.4 894.747 0.2856145
74.5 905.375 0.2788975
74.6 921.837 0.27882648
74.7 935.31 0.2790441
74.8 948.891 0.27836704
74.9 958.575 0.27734557
75 968.365 0.2779033
75.1 982.292 0.27940494
75.2 998.359 0.2809776
75.3 1016.27 0.28546393
75.4 1036.23 0.28250498
75.5 1054.43 0.27546826
75.6 1071.09 0.2789511
75.7 1085.56 0.27917862
75.8 1098.84 0.27683008
75.9 1108.07 0.2722386
76 1116.99 0.26322585
76.1 1124.67 0.2562617
76.2 1134.02 0.25905335
76.3 1141.85 0.26191217
76.4 1145.64 0.2676667
76.5 1149.06 0.2723194
76.6 1154.22 0.26257104
76.7 1157.5 0.26244396
76.8 1156.9 0.26676115
76.9 1153.14 0.2717588
77 1154.24 0.2693474
77.1 1148.24 0.2706174
77.2 1142.59 0.26790112
77.3 1143.42 0.26645082
77.4 1135.27 0.27174783
77.5 1124.03 0.26636085
77.6 1111.01 0.2679978
77.7 1100.29 0.2634286
77.8 1091.3 0.2657874
77.9 1083.22 0.26372698
78 1070.6 0.26153985
78.1 1060.2 0.26175645
78.2 1046.05 0.25509405
78.3 1034.94 0.25124416
78.4 1021.21 0.2520754
78.5 1009.52 0.24569623
78.6 999.982 0.24581523
78.7 985.429 0.24623635
78.8 977.222 0.24145798
78.9 960.816 0.24275635
79 951.721 0.23856345
79.1 939.004 0.24935883
79.2 926.279 0.24910867
79.3 911.264 0.25224295
79.4 890.548 0.25561392
79.5 872.944 0.24842313
79.6 861.007 0.2557151
79.7 845.856 0.24507035
79.8 836.619 0.25048298
79.9 829.143 0.25365737
80 821.991 0.25143
80.1 812.133 0.2565474
80.2 801.482 0.26040837
80.3 789.843 0.2558284
80.4 773.362 0.25376368
80.5 755.833 0.2617631
80.6 740.841 0.25897336
80.7 726.449 0.26277873
80.8 712.326 0.26361927
80.9 693.265 0.25563884
81 677.304 0.25680083
81.1 664.817 0.2487599
81.2 653.279 0.25105092
81.3 637.39 0.25115308
81.4 625.116 0.25329605
81.5 611.593 0.25263298
81.6 601.768 0.25174552
81.7 592.251 0.2505674
81.8 582.678 0.24713491
81.9 573.937 0.24856238
82 563.924 0.25018775
82.1 554.338 0.25486523
82.2 548.555 0.25210828
82.3 543.083 0.25319278
82.4 539.05 0.25126272
82.5 533.77 0.24439959
82.6 533.006 0.24764475
82.7 532.194 0.24660903
82.8 531.129 0.25405797
82.9 530.93 0.25631353
83 527.178 0.2569318
83.1 527.295 0.2521679
83.2 527.098 0.25039938
83.3 530.297 0.25276956
83.4 527.618 0.2519406
83.5 524.174 0.2507004
83.6 520.839 0.24731441
83.7 515.576 0.25288257
83.8 513.23 0.25720397
83.9 503.583 0.25735474
84 501.833 0.25010398
84.1 496.32 0.24777699
84.2 496.078 0.25787386
84.3 494.807 0.24988587
84.4 493.735 0.25037336
84.5 493.964 0.24459359
84.6 497.697 0.23187873
84.7 494.717 0.2423894
84.8 494.384 0.24470177
84.9 489.133 0.23713116
85 485.861 0.24401765
85.1 481.843 0.23810555
85.2 478.318 0.23963994
85.3 474.121 0.24961613
85.4 471.918 0.23780154
85.5 470.374 0.23121187
85.6 469.922 0.23353174
85.7 469.205 0.23239249
85.8 469.803 0.23283662
85.9 471.166 0.23830897
86 473.74 0.23645742
86.1 476.815 0.2348614
86.2 474.005 0.23950462
86.3 470.716 0.24418043
86.4 471.212 0.2410255
86.5 472.882 0.23629439
86.6 474.707 0.23427285
86.7 473.891 0.23459981
86.8 475.584 0.23261042
86.9 477.663 0.239683
87 477.213 0.23308343
87.1 478.805 0.22747858
87.2 484.859 0.22871228
87.3 490.017 0.22621724
87.4 494.449 0.22922449
87.5 495.675 0.22790766
87.6 501.135 0.22199605
87.7 505.942 0.22820406
87.8 509.084 0.22662999
87.9 512.812 0.22337185
88 516.954 0.2262972
88.1 520.134 0.22560106
88.2 521.827 0.2288104
88.3 525.391 0.2281456
88.4 528.166 0.23252152
88.5 533.809 0.23152722
88.6 540.25 0.22596799
88.7 548.207 0.22766718
88.8 556.511 0.22637875
88.9 565.071 0.224097
89 569.149 0.23394623
89.1 572.189 0.23158959
89.2 573.413 0.22801626
89.3 574.434 0.23011316
89.4 580.913 0.21884795
89.5 584.248 0.21956193
89.6 582.797 0.22314721
89.7 582.796 0.22397743
89.8 584.206 0.22939421
89.9 583.637 0.22792666
90 583.897 0.22091843
90.1 582.034 0.22107199
90.2 579.593 0.2155362
90.3 582.276 0.21924123
90.4 581.641 0.22602051
90.5 583.569 0.21875921
90.6 585.687 0.22067513
90.7 586.533 0.22304624
90.8 588.802 0.22703172
90.9 590.81 0.22296725
91 593.018 0.21936807
91.1 594.807 0.22786948
91.2 595.537 0.22668563
91.3 601.83 0.2278254
91.4 608.575 0.22308263
91.5 609.616 0.22031042
91.6 612.92 0.22627176
91.7 613.143 0.22176106
91.8 617.659 0.22246547
91.9 617.658 0.22453949
92 619.032 0.22607434
92.1 623.067 0.23073418
92.2 625.89 0.22443539
92.3 623.777 0.23200053
92.4 621.957 0.22950438
92.5 622.447 0.22934486
92.6 622.784 0.22478692
92.7 624.438 0.22639203
92.8 624.216 0.22381812
92.9 624.897 0.22805251
93 627.271 0.2265371
93.1 627.315 0.23121433
93.2 631.145 0.22809514
93.3 635.35 0.2347301
93.4 635.031 0.22876658
93.5 637.938 0.22653219
93.6 636.929 0.22652069
93.7 640.144 0.23191923
93.8 643.371 0.22873776
93.9 647.312 0.22914785
94 650.899 0.23113221
94.1 660.57 0.23081084
94.2 670.134 0.2280075
94.3 677.168 0.2279588
94.4 687.483 0.22468954
94.5 690.93 0.2272123
94.6 698.306 0.22749865
94.7 710.251 0.22794282
94.8 720.298 0.23106878
94.9 731.058 0.2303741
95 742.724 0.22881037
95.1 753.908 0.22669971
95.2 761.705 0.22518112
95.3 773.801 0.2188726
95.4 781.753 0.22556658
95.5 793.502 0.22399384
95.6 802.031 0.22178614
95.7 811.104 0.23161669
95.8 821.094 0.23509577
95.9 826.515 0.22925755
96 834.436 0.22119795
96.1 840.072 0.22998478
96.2 848.095 0.22885136
96.3 856.944 0.2314545
96.4 864.451 0.22919452
96.5 870.44 0.23261012
96.6 882.484 0.23657683
96.7 893.431 0.23234993
96.8 904.07 0.22863398
96.9 911.764 0.23046243
97 920.45 0.23019798
97.1 925.758 0.2211346
97.2 933.927 0.22385873
97.3 943.857 0.2263417
97.4 952.28 0.21393862
97.5 963.09 0.21460812
97.6 974.26 0.21033652
97.7 980.423 0.21188544
97.8 983.867 0.20466015
97.9 992.086 0.20741636
98 1002.34 0.2001949
98.1 1009.98 0.20159307
98.2 1017.28 0.2032946
98.3 1023.95 0.20615849
98.4 1028.64 0.1950376
98.5 1035.51 0.18958518
98.6 1039.6 0.1918579
98.7 1045.83 0.19066003
98.8 1049.63 0.19298235
98.9 1053.54 0.1983749
99 1052.28 0.19413684
99.1 1054.13 0.19030717
99.2 1054.27 0.19592388
99.3 1051.71 0.19753881
99.4 1050.71 0.19478022
99.5 1049.42 0.19321011
99.6 1047.77 0.19211155
99.7 1043.67 0.17455484
99.8 1041.03 0.18851088
99.9 1041.32 0.17980683
100 1037.07 0.17668857
100.1 1034.07 0.16950116
100.2 1030.06 0.1635065
100.3 1030.69 0.14904293
100.4 1029.57 0.14593834
100.5 1028.3 0.14836445
100.6 1027.34 0.12721084
100.7 1023.98 0.11315327
100.8 1023.21 0.093837894
100.9 1024.5 0.1093376
101 1019.59 0.08784238
101.1 1016.15 0.069149904
101.2 1013.81 0.066858865
101.3 1013.82 0.0617713
101.4 1009.64 0.059985097
101.5 1006.57 0.06169164
101.6 1007.31 0.062582016
101.7 1002.15 0.0569268
101.8 998.595 0.061345465
101.9 998.003 0.061416708
102 995.372 0.054101467
102.1 993.775 0.053594112
102.2 990.797 0.051778577
102.3 983.306 0.056914944
102.4 981.706 0.050035693
102.5 978.006 0.055618282
102.6 971.653 0.053917672
102.7 964.657 0.054382958
102.8 964.715 0.055339556
102.9 960.61 0.05576393
103 954.451 0.05019931
103.1 948.185 0.055569816
103.2 944.305 0.05787147
103.3 939.984 0.05625761
103.4 935.776 0.050646782
103.5 932.191 0.038433068
103.6 926.967 0.040838934
103.7 920.897 0.037553057
103.8 920.685 0.040649977
103.9 917.378 0.038384616
104 914.736 0.03700707
104.1 913.578 0.03465791
104.2 907.634 0.035760663
104.3 903.88 0.035764307
104.4 903.535 0.033959392
104.5 903.287 0.021106884
104.6 901.925 0.020823916
104.7 902.029 0.026307702
104.8 903.14 0.025694972
104.9 902.91 0.025304532
105 898.587 0.025361383
105.1 899.749 0.026686441
105.2 899.105 0.024609402
105.3 900.176 0.026932333
105.4 898.042 0.028376682
105.5 896.878 0.023089783
105.6 896.378 0.02032961
105.7 893.631 0.02767182
105.8 892.936 0.024600638
105.9 888.706 0.025717592
106 881.721 0.028565677
106.1 885.958 0.025419507
106.2 882.689 0.028153354
106.3 882.215 0.028401935
106.4 878.508 0.03679494
106.5 879.569 0.036896847
106.6 877.728 0.033318996
106.7 872.27 0.038721748
106.8 871.993 0.043158375
106.9 865.052 0.039912656
