0 428.099 0.9999994
0.1 443.523 0.9923526
0.2 455.299 0.9911281
0.3 461.73 0.99233943
0.4 470.685 0.9953158
0.5 475.199 0.9982594
0.6 476.263 0.99886125
0.7 477.269 0.9953412
0.8 479.841 0.9968456
0.9 482.16 0.99907476
1 480.905 0.99697137
1.1 478.66 0.99867487
1.2 476.245 0.9966648
1.3 476.844 0.9924711
1.4 475.764 0.992131
1.5 475.275 0.9914794
1.6 477.553 0.9895969
1.7 477.198 0.9962748
1.8 471.107 0.9943282
1.9 470.838 0.99527186
2 464.199 0.9956886
2.1 459.083 0.99560475
2.2 456.111 0.99370486
2.3 454.328 0.9928667
2.4 450.092 0.9886918
2.5 447.842 0.9933479
2.6 452.837 0.99311304
2.7 455.064 0.98834664
2.8 461.302 0.9959122
2.9 461.455 0.9941071
3 463.997 0.9923388
3.1 466.044 0.99472064
3.2 462.924 0.993042
3.3 461.764 0.9913014
3.4 461.443 0.99582815
3.5 458.454 0.9965647
3.6 457.949 0.9908793
3.7 454.622 0.99553716
3.8 452.45 0.9930726
3.9 449.347 0.9913434
4 449.83 0.99304986
4.1 441.746 0.99262816
4.2 442.561 0.99032396
4.3 445.092 0.99034697
4.4 444.309 0.9923524
4.5 442.826 0.9956519
4.6 437.666 0.99069005
4.7 434.022 0.99584335
4.8 431.008 0.9892305
4.9 425.333 0.9899475
5 421.612 0.99261516
5.1 417.17 0.9906574
5.2 410.004 0.993387
5.3 401.831 0.9903885
5.4 394.87 0.9898746
5.5 385.689 0.9878537
5.6 379.005 0.9845469
5.7 375.766 0.9858053
5.8 371.412 0.98782504
5.9 364.882 0.99262774
6 353.766 0.99478775
6.1 348.145 0.9909356
6.2 343.313 0.9902141
6.3 339.51 0.9938683
6.4 334.74 0.9955708
6.5 330.122 0.99305165
6.6 324.986 0.99322206
6.7 320.898 0.9950752
6.8 317.379 0.99411213
6.9 317.616 0.9914491
7 313.636 0.98970294
7.1 316.957 0.9926344
7.2 319.068 0.9913744
7.3 319.426 0.99414736
7.4 318.624 0.99627614
7.5 320.194 0.992361
7.6 323.792 0.9924241
7.7 327.474 0.9906458
7.8 328.4 0.9917664
7.9 324.19 0.9868244
8 317.65 0.986791
8.1 312.672 0.9853207
8.2 312.857 0.9891513
8.3 314.525 0.99035734
8.4 313.799 0.99006045
8.5 307.91 0.99189305
8.6 305.512 0.98726207
8.7 296.52 0.98626804
8.8 290.247 0.9958556
8.9 284.969 0.9924377
9 281.768 0.99112207
9.1 275.739 0.9953886
9.2 270.56 0.9933512
9.3 262.459 0.9942166
9.4 252.91 0.9938585
9.5 247.622 0.9911402
9.6 243.193 0.996024
9.7 238.939 0.9966396
9.8 234.131 0.9895472
9.9 227.491 0.9921689
10 224.297 0.9922198
10.1 218.716 0.99051887
10.2 215.501 0.9940064
10.3 208.55 0.9930866
10.4 205.046 0.99387896
10.5 202.277 0.9887157
10.6 198.987 0.9914241
10.7 196.411 0.9869337
10.8 191.871 0.98683137
10.9 187.36 0.9839365
11 184.359 0.9831034
11.1 186.591 0.9849784
11.2 183.255 0.9894637
11.3 182.291 0.9859998
11.4 177.689 0.9913382
11.5 172.439 0.9874555
11.6 171.145 0.9911989
11.7 170.331 0.99071836
11.8 167.016 0.98810506
11.9 164.626 0.9953847
12 165.852 0.9919589
12.1 164.395 0.9876402
12.2 161.801 0.9870791
12.3 158.206 0.9919907
12.4 158.499 0.9939662
12.5 159.391 0.9926743
12.6 160.18 0.9925549
12.7 156.845 0.9928668
12.8 155.059 0.9938258
12.9 154.402 0.9892582
13 155.318 0.98776805
13.1 160.326 0.9917632
13.2 163.751 0.9902521
13.3 162.641 0.98988104
13.4 161.453 0.9885797
13.5 161.348 0.9880339
13.6 163.728 0.9877507
13.7 164.642 0.98986745
13.8 167.887 0.9920109
13.9 172.212 0.9872384
14 172.223 0.9849818
14.1 172.238 0.9881204
14.2 172.747 0.98893166
14.3 176.633 0.98765135
14.4 178 0.98421973
14.5 180.132 0.98906887
14.6 180.532 0.99177706
14.7 182.314 0.9854636
14.8 183.46 0.98356754
14.9 182.449 0.9938462
15 184.9 0.99336416
15.1 185.807 0.986161
15.2 188.192 0.9861906
15.3 186.742 0.99046785
15.4 186.746 0.98838997
15.5 185.995 0.9917047
15.6 188.087 0.98822564
15.7 189.357 0.98841965
15.8 191.885 0.9922996
15.9 194.612 0.9890504
16 198.369 0.985319
16.1 198.697 0.98831487
16.2 200.843 0.9908004
16.3 204.92 0.9872393
16.4 208.022 0.98512524
16.5 215.61 0.98717475
16.6 217.369 0.9884928
16.7 221.512 0.9864987
16.8 225.186 0.98630255
16.9 227.273 0.9877693
17 228.704 0.99018824
17.1 228.992 0.98039216
17.2 232.124 0.99041206
17.3 236.451 0.9864538
17.4 242.483 0.98816735
17.5 244.339 0.99296606
17.6 243.678 0.9852112
17.7 245.269 0.9886961
17.8 248.631 0.98757046
17.9 253.875 0.98251355
18 255.744 0.98441935
18.1 258.677 0.9803752
18.2 261.291 0.9901878
18.3 264.849 0.9857646
18.4 271.152 0.9876016
18.5 279.442 0.99266416
18.6 286.698 0.98832196
18.7 293.748 0.99201876
18.8 299.176 0.98981166
18.9 303.176 0.988833
19 304.774 0.98798233
19.1 311.031 0.989713
19.2 318.173 0.99143606
19.3 323.108 0.9920772
19.4 327.765 0.98775256
19.5 333.169 0.9883586
19.6 339.713 0.98702586
19.7 348.357 0.99098593
19.8 352.886 0.9883127
19.9 360.037 0.9915138
20 368.911 0.98867357
20.1 371.329 0.990938
20.2 375.205 0.98894346
20.3 380.631 0.98711437
20.4 385.61 0.9772104
20.5 392.221 0.98065376
20.6 400.223 0.9862489
20.7 403.922 0.9875542
20.8 412.102 0.9871878
20.9 413.472 0.989888
21 416.177 0.99086255
21.1 419.146 0.989768
21.2 424.11 0.9871708
21.3 425.681 0.98352605
21.4 431.404 0.9879417
21.5 435.483 0.99315196
21.6 436.777 0.98763424
21.7 442.927 0.9892287
21.8 444.993 0.98698413
21.9 447.302 0.9862108
22 448.16 0.9873824
22.1 454.159 0.99354637
22.2 455.602 0.9843793
22.3 458.091 0.988863
22.4 457.285 0.98657376
22.5 457.838 0.9834474
22.6 458.807 0.97771287
22.7 458.589 0.97856575
22.8 457.733 0.9857132
22.9 456.829 0.98787796
23 454.634 0.99165094
23.1 452.954 0.98618114
23.2 450.475 0.9879309
23.3 445.74 0.9896183
23.4 445.554 0.98279995
23.5 440.296 0.98055315
23.6 434.624 0.9804563
23.7 431.409 0.9807304
23.8 430.663 0.9819333
23.9 425.654 0.9813026
24 422.808 0.98255634
24.1 418.63 0.9872026
24.2 414.007 0.9800383
24.3 413.406 0.98213303
24.4 412.482 0.98412377
24.5 410.265 0.9765658
24.6 408.667 0.97782445
24.7 402.238 0.97192985
24.8 395.895 0.9728297
24.9 392.246 0.9723289
25 385.627 0.9744746
25.1 381.72 0.9673625
25.2 379.514 0.9660797
25.3 376.777 0.9613915
25.4 373.026 0.9599859
25.5 371.079 0.9514206
25.6 367.047 0.95296097
25.7 363.678 0.94689095
25.8 360.193 0.9382598
25.9 356.878 0.9405436
26 353.882 0.9426967
26.1 352.616 0.94441605
26.2 351.637 0.94419146
26.3 353.764 0.93061984
26.4 354.07 0.9167688
26.5 350.951 0.9111109
26.6 346.383 0.893975
26.7 344.244 0.90124846
26.8 340.591 0.89475435
26.9 337.514 0.8861642
27 335.345 0.8631787
27.1 334.583 0.8695706
27.2 331.351 0.8595236
27.3 330.099 0.8588835
27.4 328.405 0.8609274
27.5 331.212 0.85579
27.6 329.779 0.86145395
27.7 324.656 0.8593767
27.8 326 0.86002564
27.9 326.7 0.85510325
28 324.675 0.85248446
28.1 321.513 0.8584078
28.2 321.2 0.85463756
28.3 320.597 0.844131
28.4 323.093 0.84992635
28.5 320.713 0.8469223
28.6 322.272 0.849027
28.7 323.545 0.8502335
28.8 325.256 0.84681064
28.9 321.728 0.84817755
29 325.175 0.8529539
29.1 324.929 0.84242606
29.2 328.794 0.8467735
29.3 332.893 0.8489158
29.4 331.998 0.8478344
29.5 333.281 0.84556323
29.6 335.602 0.8494071
29.7 339.118 0.8452196
29.8 344.413 0.84395987
29.9 351.256 0.84502906
30 355.1 0.84191835
30.1 362.461 0.83720833
30.2 365.097 0.84099895
30.3 369.285 0.838535
30.4 372.881 0.8378676
30.5 377.276 0.8322347
30.6 378.622 0.83321154
30.7 382.82 0.83799237
30.8 382.716 0.8338391
30.9 386.422 0.84001505
31 389.405 0.83766043
31.1 391.377 0.8328715
31.2 396.025 0.82927865
31.3 394.791 0.8356168
31.4 396.64 0.83715093
31.5 399.188 0.8345563
31.6 400.891 0.835881
31.7 405.819 0.8401037
31.8 406.75 0.83265686
31.9 408.919 0.8328927
32 414.108 0.8355097
32.1 416.653 0.8343439
32.2 418.841 0.83414197
32.3 422.439 0.83271444
32.4 427.524 0.8347809
32.5 431.016 0.8333073
32.6 433.878 0.8284829
32.7 439.564 0.8295222
32.8 446.944 0.82967824
32.9 450.06 0.83759505
33 450.267 0.83707917
33.1 453.49 0.83853096
33.2 457.851 0.8346527
33.3 459.578 0.83135754
33.4 461.908 0.8303426
33.5 468.638 0.8297031
33.6 474.119 0.84111917
33.7 476.315 0.82814634
33.8 476.103 0.8292097
33.9 470.853 0.82912564
34 468.774 0.8302751
34.1 466.591 0.83274156
34.2 468.135 0.82909
34.3 469.39 0.8302033
34.4 464.695 0.8371608
34.5 466.042 0.83361584
34.6 464.061 0.83014345
34.7 463.908 0.837157
34.8 458.51 0.83935356
34.9 453.737 0.8311509
35 447.908 0.83599037
35.1 443.641 0.83681214
35.2 438.545 0.83723813
35.3 432.954 0.83215463
35.4 427.61 0.8309583
35.5 422.734 0.83254784
35.6 415.935 0.83301085
35.7 411.239 0.8381549
35.8 405.719 0.8355977
35.9 404.758 0.83745134
36 398.786 0.8350712
36.1 388.677 0.8397767
36.2 388.969 0.8329648
36.3 382.752 0.8354808
36.4 383.247 0.8349974
36.5 379.102 0.83731985
36.6 376.689 0.8385723
36.7 373.544 0.8391009
36.8 371.155 0.83953404
36.9 368.279 0.84353566
37 365.492 0.8349019
37.1 361.735 0.83014846
37.2 359.476 0.8381952
37.3 356.099 0.8336354
37.4 348.856 0.83696294
37.5 343.046 0.83697027
37.6 338.292 0.83836496
37.7 330.137 0.83959895
37.8 322.288 0.83886486
37.9 313.183 0.8391696
38 307.965 0.834548
38.1 304.076 0.8281339
38.2 300.536 0.8201207
38.3 296.319 0.83296555
38.4 292.788 0.8388354
38.5 290.97 0.83134866
38.6 282.669 0.83154786
38.7 275.647 0.83011997
38.8 269.736 0.8312233
38.9 266.303 0.83365834
39 270.544 0.82320625
39.1 274.279 0.82123625
39.2 272.826 0.82669926
39.3 272.84 0.82590324
39.4 271.956 0.8240341
39.5 272.814 0.8225056
39.6 267.527 0.8324503
39.7 267.413 0.8282738
39.8 267.201 0.82623893
39.9 267.281 0.8292723
40 269.959 0.8276367
40.1 271.784 0.8224791
40.2 270.471 0.8305317
40.3 269.277 0.8276625
40.4 273.203 0.8309624
40.5 273.508 0.8309092
40.6 275.201 0.82300496
40.7 275.035 0.8283644
40.8 277.321 0.828594
40.9 279.598 0.82665795
41 280.839 0.83029926
41.1 285.57 0.82780445
41.2 291.06 0.8188919
41.3 290.544 0.82308006
41.4 292.046 0.82202524
41.5 291.11 0.8199542
41.6 290.322 0.8182437
41.7 289.438 0.8178149
41.8 292.539 0.8233631
41.9 292.515 0.81899285
42 295.621 0.8175888
42.1 300.175 0.8259345
42.2 302.071 0.8284345
42.3 303.55 0.8204024
42.4 304.698 0.8243969
42.5 307.26 0.8296001
42.6 307.629 0.82778156
42.7 310.298 0.8318197
42.8 312.854 0.83452296
42.9 316.761 0.83211815
43 324.704 0.8338973
43.1 326.714 0.83288574
43.2 331.009 0.83376294
43.3 331.273 0.8316463
43.4 332.275 0.832159
43.5 337.632 0.8257294
43.6 340.061 0.829317
43.7 344.737 0.83163583
43.8 352.212 0.83052933
43.9 356.295 0.82748
44 364.151 0.8268137
44.1 362.804 0.8250854
44.2 362.201 0.82370156
44.3 366.108 0.8238635
44.4 370.76 0.813662
44.5 370.055 0.825397
44.6 372.218 0.8149978
44.7 377.607 0.82053375
44.8 380.387 0.825094
44.9 381.039 0.82273597
45 386.156 0.82677627
45.1 389.975 0.83117956
45.2 391.514 0.83177394
45.3 400.32 0.8174412
45.4 406.676 0.823661
45.5 406.966 0.82489115
45.6 411.91 0.82347995
45.7 415.064 0.82518524
45.8 418.403 0.8257638
45.9 420.405 0.82551724
46 422.135 0.8239042
46.1 421.903 0.82146144
46.2 423.681 0.8216245
46.3 425.035 0.8194122
46.4 430.639 0.81653464
46.5 435.096 0.81761897
46.6 437.942 0.82387596
46.7 438.538 0.8240676
46.8 440.423 0.8243386
46.9 441.359 0.82644606
47 443.007 0.82681614
47.1 444.249 0.8245969
47.2 442.381 0.8247462
47.3 439.813 0.82511306
47.4 437.76 0.8302364
47.5 435.663 0.8247408
47.6 438.25 0.8251084
47.7 438.278 0.8234196
47.8 433.71 0.8289307
47.9 430.882 0.8358291
48 427.321 0.83058673
48.1 421.455 0.83637655
48.2 418.839 0.83624786
48.3 413.526 0.83536
48.4 408.805 0.8369857
48.5 406.309 0.8372086
48.6 401.761 0.84095204
48.7 399.194 0.8406658
48.8 394.223 0.8398024
48.9 387.385 0.8266856
49 385.99 0.82706404
49.1 380.766 0.8396827
49.2 379.212 0.82717305
49.3 379.577 0.82549876
49.4 380 0.83041644
49.5 375.417 0.83913785
49.6 376.192 0.83114356
49.7 377.492 0.83386755
49.8 373.94 0.83402354
49.9 369.665 0.83214915
50 366.026 0.8364378
50.1 363.853 0.82545483
50.2 359.532 0.83212966
50.3 355.968 0.8270164
50.4 347.021 0.8262257
50.5 342.387 0.82079095
50.6 340.072 0.8251907
50.7 335.273 0.82933027
50.8 332.061 0.822554
50.9 331.825 0.8305263
51 329.198 0.8269471
51.1 327.362 0.82654274
51.2 325.751 0.8254304
51.3 322.766 0.836145
51.4 320.967 0.8328356
51.5 315.376 0.83361936
51.6 309.2 0.8297999
51.7 306.845 0.83374345
51.8 308.836 0.8349536
51.9 306.467 0.8368533
52 304.521 0.8277542
52.1 303.552 0.83458537
52.2 302.212 0.82637733
52.3 299.661 0.8323544
52.4 299.285 0.8296624
52.5 301.134 0.82739896
52.6 301.524 0.8207192
52.7 300.332 0.8227791
52.8 302.346 0.83001536
52.9 304.513 0.8303383
53 307.715 0.8259548
53.1 305.717 0.8236821
53.2 305.569 0.827017
53.3 303.665 0.8217743
53.4 305.282 0.8264818
53.5 306.118 0.8222455
53.6 305.034 0.8172425
53.7 304.904 0.8208528
53.8 305.645 0.83199567
53.9 305.912 0.8268362
54 306.021 0.83337194
54.1 300.862 0.8325575
54.2 301.227 0.833913
54.3 298.585 0.83330095
54.4 296.688 0.8256563
54.5 290.974 0.82850873
54.6 291.151 0.8306831
54.7 288.347 0.83049273
54.8 286.183 0.8270446
54.9 285.24 0.82916504
55 285.347 0.831261
55.1 285.874 0.8325339
55.2 282.776 0.8292318
55.3 277.647 0.8308209
55.4 276.158 0.82750815
55.5 277.621 0.83376503
55.6 277.139 0.8315415
55.7 277.36 0.8337846
55.8 280.151 0.83240575
55.9 282.601 0.8347214
56 281.191 0.82939
56.1 286.276 0.8322278
56.2 286.04 0.83050686
56.3 285.525 0.83069706
56.4 286.891 0.83006597
56.5 287.111 0.8320087
56.6 287.469 0.827129
56.7 289.916 0.8279055
56.8 288.317 0.8285325
56.9 287.253 0.8274423
57 286.989 0.8268628
57.1 286.27 0.8282708
57.2 283.639 0.8314835
57.3 282.185 0.8286992
57.4 284.866 0.8259809
57.5 285.376 0.8252457
57.6 281.975 0.82776767
57.7 280.587 0.8332489
57.8 279.71 0.8335495
57.9 278.805 0.8345434
58 276.822 0.83643156
58.1 274.763 0.8363172
58.2 276.065 0.83119977
58.3 275.8 0.8343273
58.4 280.24 0.8276974
58.5 279.31 0.83157426
58.6 279.884 0.8350734
58.7 280.875 0.83384293
58.8 279.766 0.82976055
58.9 277.051 0.8318196
59 278.029 0.8357762
59.1 279.31 0.83423936
59.2 284.323 0.8299365
59.3 283.874 0.82986736
59.4 281.445 0.83136994
59.5 279.618 0.8387844
59.6 281.269 0.8388911
59.7 279.69 0.8320052
59.8 278.612 0.8332567
59.9 276.488 0.83153045
60 278.48 0.82946676
60.1 276.985 0.83145845
60.2 275.515 0.83416724
60.3 273.252 0.8346235
60.4 275.103 0.83606654
60.5 278.19 0.840277
60.6 276.855 0.83984184
60.7 277.035 0.8361543
60.8 276.045 0.8318985
60.9 273.705 0.8365949
61 270.027 0.8351156
61.1 269.005 0.83681184
61.2 263.368 0.82612324
61.3 263.318 0.8362296
61.4 266.253 0.83298564
61.5 262.279 0.8311282
61.6 264.53 0.8270351
61.7 260.81 0.81983465
61.8 260.808 0.82283115
61.9 262.47 0.8249458
62 260.692 0.82202554
62.1 266.286 0.8257589
62.2 265.059 0.8257361
62.3 268.515 0.8224947
62.4 272.322 0.8252233
62.5 271.903 0.8192287
62.6 270.921 0.8144831
62.7 272.411 0.81505656
62.8 276.676 0.82007074
62.9 274.673 0.81887245
63 273.21 0.8335463
63.1 274.592 0.8291532
63.2 275.372 0.82029974
63.3 274.143 0.8217302
63.4 273.28 0.8331515
63.5 271.951 0.8357926
63.6 275.705 0.83479434
63.7 278.898 0.83585966
63.8 282.002 0.8295271
63.9 281.716 0.8274465
64 283.691 0.82353985
64.1 282.967 0.82871145
64.2 284.241 0.83336794
64.3 285.43 0.8241784
64.4 289.59 0.83279425
64.5 299.005 0.83249015
64.6 303.457 0.828756
64.7 307.434 0.82597595
64.8 310.277 0.83387864
64.9 315.596 0.8340282
65 318.111 0.8329853
65.1 319.475 0.8326508
65.2 323.178 0.8329271
65.3 324.491 0.8369332
65.4 328.902 0.8318705
65.5 334.332 0.8292948
65.6 337.274 0.83498746
65.7 342.358 0.8294563
65.8 346.369 0.8336482
65.9 350.134 0.8327734
66 355.865 0.8349406
66.1 361.035 0.83155364
66.2 369.619 0.837378
66.3 376.716 0.8348474
66.4 378.885 0.83546644
66.5 378.568 0.8318561
66.6 383.512 0.8354929
66.7 385.225 0.8261981
66.8 393.086 0.83301944
66.9 396.186 0.8305375
67 402.551 0.8271101
67.1 408.266 0.8273659
67.2 411.622 0.82871634
67.3 418.473 0.8325091
67.4 420.817 0.82410973
67.5 424.835 0.81861895
67.6 430.804 0.82021767
67.7 436.575 0.82560706
67.8 442.822 0.8201525
67.9 449.023 0.8187404
68 456.032 0.8238003
68.1 462.707 0.81976664
68.2 469.476 0.8309998
68.3 477.484 0.82433
68.4 488.356 0.8240087
68.5 499.265 0.8217258
68.6 507.58 0.82265466
68.7 514.853 0.82081133
68.8 522.383 0.82385963
68.9 528.745 0.82631177
69 539.399 0.8280097
69.1 551.012 0.8298992
69.2 559.82 0.828043
69.3 568.571 0.8270093
69.4 576.822 0.82744753
69.5 580.508 0.8230648
69.6 583.82 0.82489324
69.7 588.265 0.8297456
69.8 595.81 0.8269311
69.9 604.738 0.82315797
70 614.046 0.82563466
70.1 624.029 0.8263479
70.2 634.742 0.83112067
70.3 645.048 0.81705236
70.4 656.638 0.8261401
70.5 666.397 0.8220949
70.6 676.04 0.8269138
70.7 686.309 0.8197862
70.8 695.226 0.8214684
70.9 704.237 0.8269792
71 713.679 0.81634617
71.1 720.092 0.81890684
71.2 731.864 0.8122209
71.3 736.359 0.81799686
71.4 743.173 0.8170344
71.5 752.304 0.81828046
71.6 762.665 0.8232945
71.7 774.122 0.8222554
71.8 785.512 0.81973636
71.9 793.582 0.8201816
72 803.454 0.81893027
72.1 810.842 0.8247198
72.2 817.263 0.82202655
72.3 823.391 0.81898975
72.4 831.216 0.8248528
72.5 838.647 0.8231279
72.6 844.347 0.8202081
72.7 852.605 0.826191
72.8 860.161 0.8240662
72.9 866.98 0.8291525
73 874.014 0.8231477
73.1 884.649 0.8190361
73.2 895.235 0.81683344
73.3 902.499 0.8230005
73.4 905.516 0.81849957
73.5 912.684 0.8191516
73.6 920.907 0.8236693
73.7 929.261 0.8168171
73.8 935.172 0.813915
73.9 940.667 0.8243964
74 947.556 0.8293181
74.1 954.923 0.8233167
74.2 956.796 0.8236777
74.3 962.799 0.8323638
74.4 967.704 0.82044774
74.5 969.208 0.82706666
74.6 977.852 0.8242604
74.7 984.181 0.8201986
74.8 994.222 0.8167109
74.9 1000.22 0.81292987
75 1004.19 0.8265014
75.1 1007.71 0.8180596
75.2 1007.13 0.82187915
75.3 1007.84 0.8264233
75.4 1011.03 0.83087754
75.5 1013.59 0.8354572
75.6 1015.49 0.8329067
75.7 1012.94 0.8325339
75.8 1009.63 0.8307846
75.9 1011.49 0.83100724
76 1012.05 0.8258979
76.1 1016.09 0.81939375
76.2 1019.28 0.8305343
76.3 1017.79 0.8272164
76.4 1019.52 0.8325052
76.5 1019.2 0.8320266
76.6 1022.91 0.831555
76.7 1023.93 0.833256
76.8 1023.45 0.83597416
76.9 1021.97 0.8272985
77 1023.27 0.835551
77.1 1020.97 0.82901657
77.2 1020.49 0.8251403
77.3 1020.92 0.82666874
77.4 1018.05 0.8301701
77.5 1013.63 0.8215829
77.6 1010.45 0.8292299
77.7 1007.13 0.83184034
77.8 1002.92 0.82984483
77.9 998.487 0.8214651
78 994.559 0.81444514
78.1 990.319 0.8285495
78.2 988.094 0.82343024
78.3 982.704 0.8252456
78.4 980.323 0.8241777
78.5 979.034 0.8222321
78.6 976.81 0.8178696
78.7 970.778 0.8196699
78.8 968.346 0.8113301
78.9 965.43 0.8183692
79 963.89 0.81907845
79.1 960.567 0.8227803
79.2 956.16 0.81788164
79.3 952.733 0.82390475
79.4 948.781 0.8250899
79.5 943.659 0.81436604
79.6 942.348 0.81779766
79.7 937.896 0.8175344
79.8 931.538 0.8169265
79.9 928.538 0.8120101
80 924.812 0.8184355
80.1 925.399 0.826709
80.2 925.229 0.8300369
80.3 927.592 0.8275339
80.4 925.282 0.8222432
80.5 923.838 0.8190656
80.6 924.062 0.8171386
80.7 925.295 0.8158546
80.8 925.86 0.81720847
80.9 926.404 0.8177262
81 923.971 0.8195348
81.1 920.827 0.8182755
81.2 916.829 0.8174064
81.3 914.824 0.820328
81.4 914.052 0.8180574
81.5 916.611 0.8273164
81.6 920.541 0.81416124
81.7 919.818 0.81518495
81.8 919.804 0.8105433
81.9 919.357 0.81727165
82 918.828 0.82174146
82.1 917.486 0.8245922
82.2 920.479 0.8224226
82.3 920.987 0.82251394
82.4 924.667 0.8207588
82.5 925.143 0.827624
82.6 929.293 0.82930976
82.7 933.256 0.8350375
82.8 935.483 0.8267828
82.9 942.429 0.82922393
83 947.519 0.8298515
83.1 947.293 0.8265901
83.2 945.67 0.8271725
83.3 944.294 0.8267723
83.4 946.644 0.83243793
83.5 946.306 0.8281302
83.6 948.934 0.82751477
83.7 949.812 0.8213285
83.8 951.674 0.8234837
83.9 949.418 0.81543404
84 949.252 0.8078045
84.1 947.963 0.80461127
84.2 949.003 0.7996651
84.3 950.528 0.8045119
84.4 954.294 0.8071016
84.5 956.437 0.7853033
84.6 957.156 0.7814729
84.7 961.281 0.77824146
84.8 961.186 0.7746649
84.9 967.454 0.7733355
85 968.549 0.76100844
85.1 968.084 0.7648564
85.2 965.877 0.7694029
85.3 961.298 0.74047226
85.4 962.877 0.7418395
85.5 964.531 0.7209127
85.6 959.331 0.72529286
85.7 952.805 0.7169053
85.8 948.912 0.69611174
85.9 950.918 0.687995
86 951.029 0.6829794
86.1 951.923 0.6772378
86.2 952.477 0.6750419
86.3 955.499 0.6695171
86.4 956.452 0.64298826
86.5 956.259 0.6332515
86.6 951.633 0.6443635
86.7 947.342 0.63483053
86.8 945.291 0.6313926
86.9 941.779 0.621239
87 941.255 0.5976
87.1 939.539 0.5961738
87.2 937.25 0.58770263
87.3 934.947 0.58722407
87.4 928.407 0.5863393
87.5 920.612 0.5943269
87.6 918.342 0.5757982
87.7 913.907 0.5608793
87.8 909.04 0.541638
87.9 907.493 0.5401186
88 900.359 0.5365776
88.1 898.63 0.5353237
88.2 899.809 0.5272706
88.3 900.077 0.5131494
88.4 896.899 0.49402195
88.5 892.048 0.49264738
88.6 890.488 0.47719628
88.7 886.932 0.46563116
88.8 884.848 0.44537172
88.9 883.217 0.44807437
89 883.707 0.43306154
89.1 884.208 0.42517802
89.2 886.584 0.4166785
89.3 886.002 0.40288356
89.4 886.699 0.39413708
89.5 882.411 0.38608605
89.6 882.553 0.39317206
89.7 883.994 0.3890776
89.8 881.364 0.37316263
89.9 881.617 0.37472415
90 877.589 0.35411856
90.1 871.76 0.36257538
90.2 871.956 0.3561822
90.3 870.881 0.35851687
90.4 870.707 0.35662025
90.5 868.79 0.35044366
90.6 864.549 0.35544717
90.7 864.582 0.35170174
90.8 866.403 0.34702253
90.9 869.379 0.351546
91 865.394 0.35458705
91.1 866.215 0.35560948
91.2 867.154 0.3523579
91.3 867.22 0.3477992
91.4 864.968 0.3435545
91.5 862.465 0.3438373
91.6 861.709 0.35284808
91.7 861.027 0.34136236
91.8 860.425 0.34786668
91.9 861.196 0.34426025
92 861.91 0.3481259
92.1 860.718 0.3415405
92.2 859.644 0.34691426
92.3 863.708 0.34489053
92.4 864.087 0.34347805
92.5 872.605 0.3403074
92.6 878.698 0.34517154
92.7 883.45 0.3425201
92.8 886.672 0.34390536
92.9 893.04 0.34603247
93 896.407 0.34021455
93.1 904.24 0.3396111
93.2 910.616 0.33329192
93.3 916.146 0.3367603
93.4 924.739 0.33422425
93.5 934.659 0.34078234
93.6 946.547 0.33761314
93.7 955.577 0.32942826
93.8 964.467 0.331295
93.9 970.653 0.33026668
94 977.433 0.32863146
94.1 982.928 0.33032694
94.2 985.301 0.32804695
94.3 988.645 0.33022833
94.4 993.433 0.33828753
94.5 996.655 0.33876565
94.6 1002.76 0.32842338
94.7 1007.2 0.32692146
94.8 1012.44 0.33119124
94.9 1017.43 0.3227623
95 1023.79 0.3194521
95.1 1030.69 0.3231944
95.2 1040.23 0.3185001
95.3 1046.67 0.31577083
95.4 1054.84 0.3195244
95.5 1063.27 0.31365946
95.6 1066.49 0.31453562
95.7 1073.74 0.308722
95.8 1083.35 0.3056112
95.9 1092.83 0.3156581
96 1097.18 0.3125055
96.1 1106.76 0.3180308
96.2 1111.72 0.3118861
96.3 1115.77 0.3082403
96.4 1123.21 0.3084524
96.5 1129.4 0.31034136
96.6 1137.82 0.3095229
96.7 1142.81 0.3049275
96.8 1148.36 0.30916357
96.9 1155.95 0.31612518
97 1161.66 0.32388347
97.1 1167.45 0.3054559
97.2 1172.87 0.28366625
97.3 1180.57 0.267943
97.4 1183.32 0.25931466
97.5 1183.42 0.23932007
97.6 1180.57 0.2278207
97.7 1179.76 0.21648563
97.8 1176.55 0.21837719
97.9 1175.02 0.21092054
98 1171.54 0.21462484
98.1 1169.27 0.21125925
98.2 1165.51 0.20551586
98.3 1159.03 0.18793742
98.4 1151.96 0.18997444
98.5 1146.35 0.17966166
98.6 1138 0.19299063
98.7 1132.44 0.19420364
98.8 1125.29 0.18981405
98.9 1119.25 0.18353643
99 1110.48 0.17329112
99.1 1108.46 0.17311072
99.2 1101.43 0.15755399
99.3 1100.82 0.1574377
99.4 1096.65 0.14800102
99.5 1092.14 0.14089307
99.6 1090.4 0.14495632
99.7 1086.73 0.13161123
99.8 1082.75 0.11959235
99.9 1076.22 0.13005066
100 1071.99 0.12837143
100.1 1068.41 0.12370178
100.2 1061.74 0.1265514
100.3 1055.49 0.122402556
100.4 1049.63 0.111243926
100.5 1041.68 0.11215949
100.6 1035.95 0.11001071
100.7 1032.71 0.11389599
100.8 1030.28 0.109311014
100.9 1025.21 0.10878927
101 1021.35 0.10847011
101.1 1014.57 0.12197488
101.2 1007.89 0.11252742
101.3 1005.06 0.103992864
101.4 999.376 0.10728026
101.5 991.906 0.106780365
101.6 984.122 0.10135391
101.7 977.419 0.087109074
101.8 975.657 0.08500428
101.9 971.078 0.07555248
102 963.686 0.08160506
102.1 956.934 0.07750343
102.2 955.417 0.08448378
102.3 953.088 0.08856155
102.4 949.37 0.092362516
102.5 949.135 0.08457054
102.6 952.599 0.082266845
102.7 955.813 0.09134239
102.8 957.122 0.08355479
102.9 962.61 0.08386877
103 966.749 0.082599476
103.1 970.373 0.08581501
103.2 975.615 0.08189352
103.3 977.424 0.08980223
103.4 979.939 0.08874034
103.5 985.313 0.08198229
103.6 990.056 0.09226511
103.7 992.008 0.08914745
103.8 992.898 0.08240191
103.9 996.045 0.07738314
104 1000.02 0.088869385
104.1 1004.3 0.08709929
104.2 1007.46 0.08607368
104.3 1013.74 0.08487771
104.4 1012.94 0.08751218
104.5 1014 0.09684749
104.6 1014.82 0.09381829
104.7 1012.9 0.09285604
104.8 1013.95 0.091592595
104.9 1015.03 0.10151905
105 1018.7 0.09547333
105.1 1020.59 0.09238764
105.2 1019.28 0.09732907
105.3 1023.43 0.085844815
105.4 1026.42 0.09387469
105.5 1027.87 0.09540069
105.6 1031.19 0.099507585
105.7 1033.44 0.1017401
105.8 1035.96 0.10976691
105.9 1036.63 0.097682215
106 1039.36 0.08479654
106.1 1038.57 0.094142586
106.2 1043.61 0.08936671
106.3 1048.24 0.096024685
106.4 1048.41 0.08527833
106.5 1053.87 0.07500728
106.6 1059.71 0.071629815
106.7 1066.73 0.07141628
106.8 1071.94 0.07132088
