0 428.099 0.9999993
0.1 443.523 0.9991552
0.2 455.299 0.99671406
0.3 461.73 0.99685675
0.4 470.685 0.99772704
0.5 475.199 0.99772644
0.6 476.263 0.99779266
0.7 477.269 0.99753034
0.8 479.841 0.9973937
0.9 482.16 0.99795324
1 480.905 0.9972927
1.1 478.66 0.9966565
1.2 476.245 0.99643296
1.3 476.844 0.99634963
1.4 475.764 0.9982833
1.5 475.275 0.99674803
1.6 477.553 0.9971398
1.7 477.198 0.9959775
1.8 471.107 0.98877954
1.9 470.838 0.9929964
2 464.199 0.9849045
2.1 459.083 0.98234355
2.2 456.111 0.9820563
2.3 454.328 0.98197985
2.4 450.092 0.9774215
2.5 447.842 0.97634685
2.6 452.837 0.97890496
2.7 455.064 0.97416604
2.8 461.302 0.97416043
2.9 461.455 0.9735206
3 463.997 0.97025555
3.1 466.044 0.96837676
3.2 462.924 0.9667216
3.3 461.764 0.9691566
3.4 461.443 0.9662027
3.5 458.454 0.96510595
3.6 457.949 0.9673167
3.7 454.622 0.9568387
3.8 452.45 0.94913936
3.9 449.347 0.9450338
4 449.83 0.95033544
4.1 441.746 0.9458501
4.2 442.561 0.9456656
4.3 445.092 0.9438423
4.4 444.309 0.9447823
4.5 442.826 0.940499
4.6 437.666 0.9373326
4.7 434.022 0.93244916
4.8 431.008 0.93389094
4.9 425.333 0.9313866
5 421.612 0.93061996
5.1 417.17 0.93305665
5.2 410.004 0.9346789
5.3 401.831 0.9313649
5.4 394.87 0.9341526
5.5 385.689 0.9357719
5.6 379.005 0.930575
5.7 375.766 0.933512
5.8 371.412 0.93478894
5.9 364.882 0.93416536
6 353.766 0.93166876
6.1 348.145 0.9260954
6.2 343.313 0.92865103
6.3 339.51 0.9227071
6.4 334.74 0.9194818
6.5 330.122 0.92262733
6.6 324.986 0.91700536
6.7 320.898 0.9168301
6.8 317.379 0.91520464
6.9 317.616 0.9148953
7 313.636 0.91469383
7.1 316.957 0.91070193
7.2 319.068 0.91333985
7.3 319.426 0.91231525
7.4 318.624 0.91425675
7.5 320.194 0.915861
7.6 323.792 0.9131524
7.7 327.474 0.910665
7.8 328.4 0.91269577
7.9 324.19 0.91344
8 317.65 0.91006833
8.1 312.672 0.91144896
8.2 312.857 0.9094451
8.3 314.525 0.9090022
8.4 313.799 0.90169865
8.5 307.91 0.90066326
8.6 305.512 0.9010492
8.7 296.52 0.8882652
8.8 290.247 0.8863614
8.9 284.969 0.8832779
9 281.768 0.8817165
9.1 275.739 0.8798712
9.2 270.56 0.88131434
9.3 262.459 0.88049483
9.4 252.91 0.87311333
9.5 247.622 0.865846
9.6 243.193 0.8702501
9.7 238.939 0.86162853
9.8 234.131 0.8493115
9.9 227.491 0.85874695
10 224.297 0.84729713
10.1 218.716 0.83385587
10.2 215.501 0.8371605
10.3 208.55 0.8199682
10.4 205.046 0.8110816
10.5 202.277 0.79913175
10.6 198.987 0.79791045
10.7 196.411 0.80208814
10.8 191.871 0.8025012
10.9 187.36 0.7984167
11 184.359 0.7821816
11.1 186.591 0.7724543
11.2 183.255 0.77286077
11.3 182.291 0.77933437
11.4 177.689 0.77744234
11.5 172.439 0.767011
11.6 171.145 0.7587878
11.7 170.331 0.76025826
11.8 167.016 0.7572509
11.9 164.626 0.7616418
12 165.852 0.7599152
12.1 164.395 0.7647383
12.2 161.801 0.7616151
12.3 158.206 0.7556257
12.4 158.499 0.7522705
12.5 159.391 0.75131834
12.6 160.18 0.7545668
12.7 156.845 0.7573659
12.8 155.059 0.758778
12.9 154.402 0.75558996
13 155.318 0.75548214
13.1 160.326 0.74872315
13.2 163.751 0.7454497
13.3 162.641 0.7364154
13.4 161.453 0.74001247
13.5 161.348 0.7352514
13.6 163.728 0.74067247
13.7 164.642 0.7381937
13.8 167.887 0.7421342
13.9 172.212 0.73782355
14 172.223 0.7412434
14.1 172.238 0.74476886
14.2 172.747 0.74243027
14.3 176.633 0.74427885
14.4 178 0.74056655
14.5 180.132 0.7355
14.6 180.532 0.74179596
14.7 182.314 0.74082994
14.8 183.46 0.7401466
14.9 182.449 0.73843706
15 184.9 0.7360411
15.1 185.807 0.7347776
15.2 188.192 0.73495543
15.3 186.742 0.74190325
15.4 186.746 0.7193283
15.5 185.995 0.7092782
15.6 188.087 0.7145365
15.7 189.357 0.710031
15.8 191.885 0.70576936
15.9 194.612 0.6923548
16 198.369 0.6982236
16.1 198.697 0.70132166
16.2 200.843 0.6957324
16.3 204.92 0.68613046
16.4 208.022 0.6742664
16.5 215.61 0.6660447
16.6 217.369 0.66327983
16.7 221.512 0.66033083
16.8 225.186 0.6574744
16.9 227.273 0.6541107
17 228.704 0.6527397
17.1 228.992 0.65276873
17.2 232.124 0.6559678
17.3 236.451 0.6529067
17.4 242.483 0.65107566
17.5 244.339 0.6480298
17.6 243.678 0.6434502
17.7 245.269 0.63426334
17.8 248.631 0.6331541
17.9 253.875 0.6300047
18 255.744 0.6303493
18.1 258.677 0.6352358
18.2 261.291 0.6349771
18.3 264.849 0.6294113
18.4 271.152 0.6311854
18.5 279.442 0.62795144
18.6 286.698 0.62819606
18.7 293.748 0.63061666
18.8 299.176 0.6308612
18.9 303.176 0.62324417
19 304.774 0.62267643
19.1 311.031 0.6162
19.2 318.173 0.62049264
19.3 323.108 0.6200294
19.4 327.765 0.6199462
19.5 333.169 0.62102216
19.6 339.713 0.61708736
19.7 348.357 0.6149098
19.8 352.886 0.61875635
19.9 360.037 0.6189465
20 368.911 0.6112033
20.1 371.329 0.61210483
20.2 375.205 0.61342824
20.3 380.631 0.61359465
20.4 385.61 0.6097023
20.5 392.221 0.6073414
20.6 400.223 0.61125815
20.7 403.922 0.6134168
20.8 412.102 0.61421365
20.9 413.472 0.6108146
21 416.177 0.6112607
21.1 419.146 0.6072497
21.2 424.11 0.6051363
21.3 425.681 0.60049367
21.4 431.404 0.607192
21.5 435.483 0.60104585
21.6 436.777 0.6021604
21.7 442.927 0.6018269
21.8 444.993 0.60431564
21.9 447.302 0.6012787
22 448.16 0.60025275
22.1 454.159 0.5974067
22.2 455.602 0.5950764
22.3 458.091 0.59947586
22.4 457.285 0.6009195
22.5 457.838 0.6005471
22.6 458.807 0.59518427
22.7 458.589 0.5930612
22.8 457.733 0.5968358
22.9 456.829 0.5958765
23 454.634 0.59709144
23.1 452.954 0.5944584
23.2 450.475 0.5949636
23.3 445.74 0.598339
23.4 445.554 0.59646505
23.5 440.296 0.59979445
23.6 434.624 0.5995701
23.7 431.409 0.5979886
23.8 430.663 0.60185504
23.9 425.654 0.60569704
24 422.808 0.60342664
24.1 418.63 0.60482633
24.2 414.007 0.6076775
24.3 413.406 0.600671
24.4 412.482 0.6029393
24.5 410.265 0.6065134
24.6 408.667 0.6059273
24.7 402.238 0.60258895
24.8 395.895 0.60053205
24.9 392.246 0.60274965
25 385.627 0.6120113
25.1 381.72 0.60877913
25.2 379.514 0.6119011
25.3 376.777 0.61080253
25.4 373.026 0.6117992
25.5 371.079 0.61049175
25.6 367.047 0.61471903
25.7 363.678 0.6230095
25.8 360.193 0.61897093
25.9 356.878 0.6194335
26 353.882 0.6165093
26.1 352.616 0.6214965
26.2 351.637 0.6253878
26.3 353.764 0.6206022
26.4 354.07 0.6223456
26.5 350.951 0.62216693
26.6 346.383 0.6182768
26.7 344.244 0.6216416
26.8 340.591 0.6241916
26.9 337.514 0.6220848
27 335.345 0.620345
27.1 334.583 0.6215557
27.2 331.351 0.62302375
27.3 330.099 0.6282502
27.4 328.405 0.62479687
27.5 331.212 0.6229878
27.6 329.779 0.62384814
27.7 324.656 0.62192816
27.8 326 0.617528
27.9 326.7 0.62177145
28 324.675 0.6269839
28.1 321.513 0.6229536
28.2 321.2 0.6238565
28.3 320.597 0.6251626
28.4 323.093 0.62298524
28.5 320.713 0.6218206
28.6 322.272 0.6243391
28.7 323.545 0.6203876
28.8 325.256 0.621843
28.9 321.728 0.62254107
29 325.175 0.62861156
29.1 324.929 0.6252358
29.2 328.794 0.6249122
29.3 332.893 0.6279624
29.4 331.998 0.6300383
29.5 333.281 0.6293724
29.6 335.602 0.628806
29.7 339.118 0.6269891
29.8 344.413 0.6265367
29.9 351.256 0.6262814
30 355.1 0.6241678
30.1 362.461 0.62694
30.2 365.097 0.6248925
30.3 369.285 0.6228351
30.4 372.881 0.6230616
30.5 377.276 0.6180457
30.6 378.622 0.62090975
30.7 382.82 0.621144
30.8 382.716 0.6219709
30.9 386.422 0.62594557
31 389.405 0.6266578
31.1 391.377 0.627885
31.2 396.025 0.6241901
31.3 394.791 0.62454915
31.4 396.64 0.62447137
31.5 399.188 0.6279038
31.6 400.891 0.6264313
31.7 405.819 0.62360036
31.8 406.75 0.62663674
31.9 408.919 0.62793016
32 414.108 0.62275606
32.1 416.653 0.6289037
32.2 418.841 0.62228197
32.3 422.439 0.6250214
32.4 427.524 0.6239205
32.5 431.016 0.6243322
32.6 433.878 0.6229191
32.7 439.564 0.61908287
32.8 446.944 0.61810356
32.9 450.06 0.6177381
33 450.267 0.6218938
33.1 453.49 0.6134793
33.2 457.851 0.6180916
33.3 459.578 0.6174081
33.4 461.908 0.6133245
33.5 468.638 0.6090737
33.6 474.119 0.6089725
33.7 476.315 0.6115372
33.8 476.103 0.60838675
33.9 470.853 0.6044206
34 468.774 0.60336226
34.1 466.591 0.59586686
34.2 468.135 0.5882738
34.3 469.39 0.58898926
34.4 464.695 0.59093976
34.5 466.042 0.589926
34.6 464.061 0.5896795
34.7 463.908 0.5957416
34.8 458.51 0.594192
34.9 453.737 0.58438706
35 447.908 0.5840638
35.1 443.641 0.58323187
35.2 438.545 0.5801112
35.3 432.954 0.5814868
35.4 427.61 0.56431925
35.5 422.734 0.53593516
35.6 415.935 0.5306908
35.7 411.239 0.5258628
35.8 405.719 0.5374386
35.9 404.758 0.52926886
36 398.786 0.52875024
36.1 388.677 0.5176264
36.2 388.969 0.5066882
36.3 382.752 0.48850042
36.4 383.247 0.4828244
36.5 379.102 0.4733547
36.6 376.689 0.469224
36.7 373.544 0.464436
36.8 371.155 0.4662352
36.9 368.279 0.4567295
37 365.492 0.45948696
37.1 361.735 0.45543262
37.2 359.476 0.45682463
37.3 356.099 0.45451006
37.4 348.856 0.439485
37.5 343.046 0.44738865
37.6 338.292 0.43425053
37.7 330.137 0.43290922
37.8 322.288 0.43049398
37.9 313.183 0.43817407
38 307.965 0.43253347
38.1 304.076 0.43107963
38.2 300.536 0.4247308
38.3 296.319 0.42716503
38.4 292.788 0.43087298
38.5 290.97 0.42454755
38.6 282.669 0.42276984
38.7 275.647 0.41810545
38.8 269.736 0.41299322
38.9 266.303 0.41152897
39 270.544 0.4144457
39.1 274.279 0.40224275
39.2 272.826 0.4068124
39.3 272.84 0.40263903
39.4 271.956 0.40123147
39.5 272.814 0.41054398
39.6 267.527 0.40140295
39.7 267.413 0.39795128
39.8 267.201 0.38696775
39.9 267.281 0.38962844
40 269.959 0.3839181
40.1 271.784 0.38083214
40.2 270.471 0.37745535
40.3 269.277 0.371937
40.4 273.203 0.37586963
40.5 273.508 0.37448654
40.6 275.201 0.3715388
40.7 275.035 0.3689639
40.8 277.321 0.36886874
40.9 279.598 0.37510234
41 280.839 0.38215888
41.1 285.57 0.37232634
41.2 291.06 0.366704
41.3 290.544 0.3529529
41.4 292.046 0.3621369
41.5 291.11 0.368107
41.6 290.322 0.37239707
41.7 289.438 0.3592544
41.8 292.539 0.35575843
41.9 292.515 0.36069745
42 295.621 0.35882553
42.1 300.175 0.36741224
42.2 302.071 0.38080072
42.3 303.55 0.3600235
42.4 304.698 0.35403892
42.5 307.26 0.35809982
42.6 307.629 0.36121333
42.7 310.298 0.36572528
42.8 312.854 0.35975602
42.9 316.761 0.36407217
43 324.704 0.3647618
43.1 326.714 0.36641783
43.2 331.009 0.36063153
43.3 331.273 0.36265385
43.4 332.275 0.36077568
43.5 337.632 0.35825902
43.6 340.061 0.35896614
43.7 344.737 0.35938153
43.8 352.212 0.36303616
43.9 356.295 0.36228374
44 364.151 0.36107087
44.1 362.804 0.3647925
44.2 362.201 0.35963055
44.3 366.108 0.345874
44.4 370.76 0.34625807
44.5 370.055 0.34383088
44.6 372.218 0.34289116
44.7 377.607 0.33122218
44.8 380.387 0.33710313
44.9 381.039 0.33257896
45 386.156 0.32114193
45.1 389.975 0.32149014
45.2 391.514 0.31374982
45.3 400.32 0.31245077
45.4 406.676 0.3092308
45.5 406.966 0.296959
45.6 411.91 0.29535708
45.7 415.064 0.29309878
45.8 418.403 0.2759345
45.9 420.405 0.27457824
46 422.135 0.27736875
46.1 421.903 0.27651203
46.2 423.681 0.28475332
46.3 425.035 0.27732426
46.4 430.639 0.2877339
46.5 435.096 0.27713278
46.6 437.942 0.2658025
46.7 438.538 0.27367315
46.8 440.423 0.27239412
46.9 441.359 0.2679403
47 443.007 0.2550156
47.1 444.249 0.2526881
47.2 442.381 0.25780094
47.3 439.813 0.25223324
47.4 437.76 0.2479811
47.5 435.663 0.24847382
47.6 438.25 0.25318107
47.7 438.278 0.23985772
47.8 433.71 0.23902869
47.9 430.882 0.23976883
48 427.321 0.23057835
48.1 421.455 0.21741405
48.2 418.839 0.22314575
48.3 413.526 0.21898945
48.4 408.805 0.21794046
48.5 406.309 0.21255068
48.6 401.761 0.20896208
48.7 399.194 0.20765972
48.8 394.223 0.20641822
48.9 387.385 0.20809357
49 385.99 0.20871572
49.1 380.766 0.20959772
49.2 379.212 0.20772913
49.3 379.577 0.20232055
49.4 380 0.19654565
49.5 375.417 0.19199462
49.6 376.192 0.19393016
49.7 377.492 0.18983631
49.8 373.94 0.18676254
49.9 369.665 0.18086587
50 366.026 0.17714077
50.1 363.853 0.168141
50.2 359.532 0.16895317
50.3 355.968 0.16868813
50.4 347.021 0.16743626
50.5 342.387 0.16695148
50.6 340.072 0.16545454
50.7 335.273 0.1684939
50.8 332.061 0.16733257
50.9 331.825 0.16542545
51 329.198 0.16271475
51.1 327.362 0.15933494
51.2 325.751 0.16647494
51.3 322.766 0.16551328
51.4 320.967 0.16285816
51.5 315.376 0.16397154
51.6 309.2 0.16448213
51.7 306.845 0.16502975
51.8 308.836 0.1659641
51.9 306.467 0.16555348
52 304.521 0.16204387
52.1 303.552 0.15626547
52.2 302.212 0.15761922
52.3 299.661 0.15563028
52.4 299.285 0.15483257
52.5 301.134 0.1452412
52.6 301.524 0.1458409
52.7 300.332 0.1435879
52.8 302.346 0.14573224
52.9 304.513 0.14100824
53 307.715 0.14082767
53.1 305.717 0.14121617
53.2 305.569 0.13926214
53.3 303.665 0.13526858
53.4 305.282 0.13042289
53.5 306.118 0.12501135
53.6 305.034 0.12445797
53.7 304.904 0.12254274
53.8 305.645 0.12529431
53.9 305.912 0.1225957
54 306.021 0.12093507
54.1 300.862 0.12355436
54.2 301.227 0.117899716
54.3 298.585 0.12221831
54.4 296.688 0.120993376
54.5 290.974 0.11606022
54.6 291.151 0.12152829
54.7 288.347 0.11751925
54.8 286.183 0.12439452
54.9 285.24 0.1112629
55 285.347 0.10613888
55.1 285.874 0.095543005
55.2 282.776 0.09261993
55.3 277.647 0.09384468
55.4 276.158 0.093196034
55.5 277.621 0.09081569
55.6 277.139 0.095672235
55.7 277.36 0.091555364
55.8 280.151 0.089145556
55.9 282.601 0.09688581
56 281.191 0.088367894
56.1 286.276 0.072300725
56.2 286.04 0.07327318
56.3 285.525 0.0780278
56.4 286.891 0.07417662
56.5 287.111 0.07898048
56.6 287.469 0.08495696
56.7 289.916 0.081251964
56.8 288.317 0.075895526
56.9 287.253 0.07299893
57 286.989 0.0741801
57.1 286.27 0.06443779
57.2 283.639 0.06033143
57.3 282.185 0.06681703
57.4 284.866 0.068204165
57.5 285.376 0.067268
57.6 281.975 0.06474777
57.7 280.587 0.06456776
57.8 279.71 0.06023862
57.9 278.805 0.056948084
58 276.822 0.056705005
58.1 274.763 0.05467757
58.2 276.065 0.054827433
58.3 275.8 0.05386632
58.4 280.24 0.053794548
58.5 279.31 0.05742244
58.6 279.884 0.056755044
58.7 280.875 0.056500345
58.8 279.766 0.049289394
58.9 277.051 0.05309801
59 278.029 0.055801157
59.1 279.31 0.055486362
59.2 284.323 0.050142605
59.3 283.874 0.053895444
59.4 281.445 0.053701162
59.5 279.618 0.052483644
59.6 281.269 0.04956096
59.7 279.69 0.048286486
59.8 278.612 0.049721953
59.9 276.488 0.051396724
60 278.48 0.051671457
60.1 276.985 0.05026141
60.2 275.515 0.051337034
60.3 273.252 0.051759977
60.4 275.103 0.05091135
60.5 278.19 0.05267826
60.6 276.855 0.046989143
60.7 277.035 0.046320107
60.8 276.045 0.032422163
60.9 273.705 0.027885117
61 270.027 0.027758421
61.1 269.005 0.030171119
61.2 263.368 0.030803166
61.3 263.318 0.026897052
61.4 266.253 0.025337288
61.5 262.279 0.025677374
61.6 264.53 0.0237306
61.7 260.81 0.02399709
61.8 260.808 0.023878481
61.9 262.47 0.020401802
62 260.692 0.016647914
62.1 266.286 0.014519914
62.2 265.059 0.009857215
62.3 268.515 0.007092751
62.4 272.322 0.007524921
62.5 271.903 0.00696337
62.6 270.921 0.006457632
62.7 272.411 0.004412268
62.8 276.676 0.0023236845
62.9 274.673 0.0014597184
63 273.21 0.0009929782
63.1 274.592 0.0027719056
63.2 275.372 0.0030804796
63.3 274.143 0.0029349527
63.4 273.28 0.0020317757
63.5 271.951 0.0014800447
63.6 275.705 0.0014922073
63.7 278.898 3.357565e-05
63.8 282.002 0.00026740928
63.9 281.716 1.4680181e-05
64 283.691 0.001282325
64.1 282.967 0.0015069401
64.2 284.241 0.0015015107
64.3 285.43 0.0009421821
64.4 289.59 0.0019661398
64.5 299.005 0.0016562234
64.6 303.457 0.001295014
64.7 307.434 0.0009106475
64.8 310.277 0.00070065685
64.9 315.596 0.00058738
65 318.111 0.0011593108
65.1 319.475 0.0008514665
65.2 323.178 0.00066872826
65.3 324.491 4.040332e-07
65.4 328.902 9.9841394e-08
65.5 334.332 1.3227394e-08
65.6 337.274 5.708774e-08
65.7 342.358 4.5558283e-11
65.8 346.369 3.9098556e-08
65.9 350.134 4.9818336e-09
66 355.865 5.5248547e-05
66.1 361.035 1.0547059e-07
66.2 369.619 1.804896e-10
66.3 376.716 7.0171056e-11
66.4 378.885 4.6815942e-09
66.5 378.568 4.567937e-10
66.6 383.512 1.3379242e-10
66.7 385.225 1.113352e-05
66.8 393.086 3.7278933e-10
66.9 396.186 1.5117799e-06
67 402.551 4.8819833e-12
67.1 408.266 8.040762e-11
67.2 411.622 4.856988e-08
67.3 418.473 4.695388e-10
67.4 420.817 6.6660664e-07
67.5 424.835 1.3830307e-09
67.6 430.804 1.1123481e-11
67.7 436.575 1.1910234e-06
67.8 442.822 5.2288414e-07
67.9 449.023 3.735142e-09
68 456.032 5.930719e-08
68.1 462.707 5.307339e-10
68.2 469.476 1.0247911e-07
68.3 477.484 1.111444e-07
68.4 488.356 3.4219819e-12
68.5 499.265 4.6668927e-12
68.6 507.58 2.16384e-12
68.7 514.853 3.0763079e-12
68.8 522.383 7.998463e-12
68.9 528.745 7.7129185e-11
69 539.399 1.38580866e-11
69.1 551.012 4.7785614e-10
69.2 559.82 7.627547e-08
69.3 568.571 2.7685671e-06
69.4 576.822 4.9667676e-07
69.5 580.508 2.0054476e-07
69.6 583.82 7.10487e-10
69.7 588.265 1.8154167e-06
69.8 595.81 3.9789434e-06
69.9 604.738 1.9846413e-10
70 614.046 1.4430317e-10
70.1 624.029 6.078864e-09
70.2 634.742 1.3619685e-10
70.3 645.048 1.8653117e-09
70.4 656.638 2.5335076e-11
70.5 666.397 2.2106266e-12
70.6 676.04 1.5332975e-12
70.7 686.309 2.4638377e-12
70.8 695.226 1.5897524e-12
70.9 704.237 6.60761e-11
71 713.679 2.0053458e-10
71.1 720.092 1.591924e-12
71.2 731.864 3.3377436e-11
71.3 736.359 2.9815057e-11
71.4 743.173 2.3047781e-12
71.5 752.304 4.3310291e-10
71.6 762.665 2.0381695e-11
71.7 774.122 2.0295647e-12
71.8 785.512 1.3632422e-12
71.9 793.582 1.7767623e-10
72 803.454 2.6411078e-09
72.1 810.842 6.52907e-07
72.2 817.263 2.3478636e-11
72.3 823.391 4.2731945e-06
72.4 831.216 6.518478e-10
72.5 838.647 3.015707e-10
72.6 844.347 1.350071e-09
72.7 852.605 6.210186e-09
72.8 860.161 1.5910791e-06
72.9 866.98 1.3691033e-05
73 874.014 1.8921675e-07
73.1 884.649 2.3719267e-06
73.2 895.235 7.1546366e-11
73.3 902.499 1.3029893e-07
73.4 905.516 1.7378727e-05
73.5 912.684 1.1069937e-11
73.6 920.907 1.3615613e-12
73.7 929.261 8.3690796e-13
73.8 935.172 6.72064e-13
73.9 940.667 3.2087603e-12
74 947.556 7.742255e-12
74.1 954.923 1.7795869e-12
74.2 956.796 1.5077912e-12
74.3 962.799 2.1747079e-08
74.4 967.704 1.5707548e-12
74.5 969.208 5.545789e-10
74.6 977.852 1.5278258e-11
74.7 984.181 3.240223e-12
74.8 994.222 4.163853e-12
74.9 1000.22 9.802391e-11
75 1004.19 6.858222e-08
75.1 1007.71 1.32696e-06
75.2 1007.13 9.74534e-07
75.3 1007.84 3.960358e-12
75.4 1011.03 5.3679396e-12
75.5 1013.59 9.6265104e-08
75.6 1015.49 5.1282612e-08
75.7 1012.94 6.220294e-11
75.8 1009.63 1.3518807e-08
75.9 1011.49 3.4543454e-08
76 1012.05 5.496171e-11
76.1 1016.09 1.0198484e-10
76.2 1019.28 4.9392014e-07
76.3 1017.79 0.00018613097
76.4 1019.52 3.270856e-12
76.5 1019.2 1.631959e-10
76.6 1022.91 2.3890616e-09
76.7 1023.93 6.758965e-10
76.8 1023.45 3.021591e-11
76.9 1021.97 4.3037627e-09
77 1023.27 3.792862e-10
77.1 1020.97 2.115088e-09
77.2 1020.49 2.0214312e-09
77.3 1020.92 1.8315271e-12
77.4 1018.05 9.1709895e-12
77.5 1013.63 1.3776488e-12
77.6 1010.45 1.7566986e-12
77.7 1007.13 1.3353296e-12
77.8 1002.92 5.8332755e-11
77.9 998.487 1.7053102e-07
78 994.559 2.4924364e-12
78.1 990.319 8.431965e-13
78.2 988.094 3.4878127e-12
78.3 982.704 2.2483424e-12
78.4 980.323 9.072127e-11
78.5 979.034 2.4873471e-12
78.6 976.81 1.8033013e-09
78.7 970.778 4.05371e-12
78.8 968.346 8.887111e-10
78.9 965.43 4.3117775e-12
79 963.89 6.666583e-12
79.1 960.567 7.78197e-12
79.2 956.16 6.3036815e-12
79.3 952.733 2.7316273e-11
79.4 948.781 1.4124553e-09
79.5 943.659 9.372535e-08
79.6 942.348 2.2649596e-09
79.7 937.896 2.968824e-10
79.8 931.538 2.4964102e-09
79.9 928.538 5.3932383e-11
80 924.812 9.4088015e-11
80.1 925.399 2.9632669e-10
80.2 925.229 4.884473e-07
80.3 927.592 3.0377874e-09
80.4 925.282 1.8837726e-08
80.5 923.838 1.2307098e-09
80.6 924.062 1.3530446e-07
80.7 925.295 3.0953604e-05
80.8 925.86 1.8091013e-07
80.9 926.404 0.00010998512
81 923.971 2.3070433e-08
81.1 920.827 8.009933e-11
81.2 916.829 2.1228138e-07
81.3 914.824 4.181488e-11
81.4 914.052 1.1032576e-09
81.5 916.611 8.181375e-11
81.6 920.541 1.0504422e-10
81.7 919.818 1.9592855e-07
81.8 919.804 5.860387e-09
81.9 919.357 3.517218e-05
82 918.828 5.823525e-10
82.1 917.486 3.3448682e-06
82.2 920.479 0.00010057018
82.3 920.987 2.2533947e-11
82.4 924.667 7.057509e-11
82.5 925.143 4.0407038e-08
82.6 929.293 1.615775e-11
82.7 933.256 6.9077444e-08
82.8 935.483 3.5162637e-10
82.9 942.429 3.2780378e-07
83 947.519 1.2801821e-10
83.1 947.293 2.0535665e-12
83.2 945.67 6.8566047e-12
83.3 944.294 5.411971e-06
83.4 946.644 1.027184e-05
83.5 946.306 6.169309e-12
83.6 948.934 1.3835451e-10
83.7 949.812 3.295454e-05
83.8 951.674 2.7369256e-11
83.9 949.418 8.2364354e-10
84 949.252 5.051128e-12
84.1 947.963 2.461184e-08
84.2 949.003 5.38578e-12
84.3 950.528 7.3408746e-10
84.4 954.294 9.510295e-13
84.5 956.437 4.3629662e-11
84.6 957.156 1.8643195e-12
84.7 961.281 1.6215811e-12
84.8 961.186 1.8767121e-12
84.9 967.454 7.523713e-12
85 968.549 7.7269746e-08
85.1 968.084 5.7942336e-12
85.2 965.877 1.4089317e-10
85.3 961.298 1.1739486e-08
85.4 962.877 2.2489022e-12
85.5 964.531 1.7618419e-06
85.6 959.331 1.4588141e-12
85.7 952.805 5.5705206e-12
85.8 948.912 1.2193485e-10
85.9 950.918 3.2762814e-12
86 951.029 2.2189852e-12
86.1 951.923 6.562538e-11
86.2 952.477 2.6947758e-12
86.3 955.499 2.4988098e-10
86.4 956.452 1.4978457e-12
86.5 956.259 6.7251102e-09
86.6 951.633 3.2848474e-12
86.7 947.342 1.6679091e-10
86.8 945.291 4.358464e-07
86.9 941.779 1.1703724e-12
87 941.255 9.106625e-13
87.1 939.539 1.4859389e-10
87.2 937.25 9.694363e-11
87.3 934.947 1.8942282e-11
87.4 928.407 1.3999751e-10
87.5 920.612 1.7139238e-09
87.6 918.342 2.625556e-10
87.7 913.907 1.5597194e-09
87.8 909.04 7.1303627e-12
87.9 907.493 4.148896e-12
88 900.359 2.6082733e-11
88.1 898.63 7.849369e-10
88.2 899.809 8.8482943e-10
88.3 900.077 1.6591702e-12
88.4 896.899 2.6101896e-12
88.5 892.048 1.9688173e-08
88.6 890.488 1.1145595e-12
88.7 886.932 1.914976e-12
88.8 884.848 1.4625745e-12
88.9 883.217 1.4442003e-12
89 883.707 6.6305246e-09
89.1 884.208 4.168495e-12
89.2 886.584 6.1898204e-12
89.3 886.002 2.2347857e-08
89.4 886.699 2.3111224e-09
89.5 882.411 8.5572646e-11
89.6 882.553 6.3821304e-10
89.7 883.994 3.7979678e-10
89.8 881.364 2.1866498e-08
89.9 881.617 1.07815685e-08
90 877.589 5.265668e-05
90.1 871.76 1.0313992e-08
90.2 871.956 1.837808e-10
90.3 870.881 2.1361604e-12
90.4 870.707 8.5532156e-13
90.5 868.79 1.9272828e-12
90.6 864.549 2.1108317e-12
90.7 864.582 2.2372025e-05
90.8 866.403 1.7046368e-12
90.9 869.379 3.1399102e-12
91 865.394 2.5511407e-11
91.1 866.215 1.06895195e-08
91.2 867.154 5.4020968e-11
91.3 867.22 3.170726e-10
91.4 864.968 1.820525e-12
91.5 862.465 2.319544e-10
91.6 861.709 3.8796646e-11
91.7 861.027 4.6833673e-08
91.8 860.425 2.2487068e-08
91.9 861.196 2.1817516e-10
92 861.91 9.623772e-10
92.1 860.718 3.350723e-10
92.2 859.644 2.3042766e-11
92.3 863.708 1.096602e-09
92.4 864.087 1.2693468e-10
92.5 872.605 3.2071676e-09
92.6 878.698 2.5330618e-11
92.7 883.45 2.17005e-11
92.8 886.672 2.0634848e-11
92.9 893.04 1.3424092e-10
93 896.407 1.7441028e-11
93.1 904.24 5.823816e-06
93.2 910.616 4.8260593e-12
93.3 916.146 5.2054503e-11
93.4 924.739 7.2650948e-12
93.5 934.659 2.1101688e-11
93.6 946.547 9.924428e-09
93.7 955.577 1.8603353e-09
93.8 964.467 2.489576e-11
93.9 970.653 4.6153057e-11
94 977.433 3.2073595e-12
94.1 982.928 7.49865e-10
94.2 985.301 5.671098e-12
94.3 988.645 1.3191851e-12
94.4 993.433 1.1537916e-11
94.5 996.655 7.431667e-10
94.6 1002.76 1.0841167e-10
94.7 1007.2 1.0513963e-07
94.8 1012.44 2.1684824e-11
94.9 1017.43 2.1551001e-10
95 1023.79 2.9658533e-12
95.1 1030.69 5.942264e-11
95.2 1040.23 1.1764203e-12
95.3 1046.67 8.896129e-13
95.4 1054.84 2.4756909e-12
95.5 1063.27 1.721246e-10
95.6 1066.49 7.1655655e-12
95.7 1073.74 1.9901758e-12
95.8 1083.35 9.336152e-13
95.9 1092.83 6.814071e-13
96 1097.18 1.0654982e-12
96.1 1106.76 4.3952697e-13
96.2 1111.72 6.414422e-13
96.3 1115.77 4.3978422e-13
96.4 1123.21 5.9295597e-13
96.5 1129.4 2.21462e-11
96.6 1137.82 5.0278786e-13
96.7 1142.81 5.7598934e-13
96.8 1148.36 7.335025e-11
96.9 1155.95 3.1461037e-13
97 1161.66 1.3480483e-11
97.1 1167.45 5.97378e-13
97.2 1172.87 2.6263883e-10
97.3 1180.57 6.021011e-13
97.4 1183.32 1.1652065e-12
97.5 1183.42 4.5236726e-13
97.6 1180.57 3.9308337e-10
97.7 1179.76 8.0571006e-08
97.8 1176.55 1.3313826e-12
97.9 1175.02 4.7398397e-13
98 1171.54 6.391722e-13
98.1 1169.27 4.773346e-13
98.2 1165.51 4.7097325e-13
98.3 1159.03 2.9672456e-13
98.4 1151.96 4.1096594e-13
98.5 1146.35 1.8178242e-09
98.6 1138 4.5344546e-09
98.7 1132.44 2.4102922e-12
98.8 1125.29 1.6169915e-10
98.9 1119.25 2.1003739e-11
99 1110.48 7.0541733e-13
99.1 1108.46 4.0429707e-13
99.2 1101.43 1.34703195e-11
99.3 1100.82 7.6906987e-13
99.4 1096.65 3.7059166e-12
99.5 1092.14 7.261887e-13
99.6 1090.4 1.0680793e-12
99.7 1086.73 1.5843614e-12
99.8 1082.75 7.613503e-09
99.9 1076.22 1.7830911e-09
100 1071.99 1.6014428e-11
100.1 1068.41 1.2052362e-10
100.2 1061.74 1.1388903e-09
100.3 1055.49 3.2182925e-07
100.4 1049.63 2.877179e-06
100.5 1041.68 2.8227923e-05
100.6 1035.95 4.6664634e-05
100.7 1032.71 9.787706e-07
100.8 1030.28 2.5553913e-08
100.9 1025.21 3.9915826e-09
101 1021.35 5.0523175e-10
101.1 1014.57 4.8608405e-11
101.2 1007.89 9.070489e-07
101.3 1005.06 4.2009948e-10
101.4 999.376 4.0511393e-11
101.5 991.906 1.3321057e-10
101.6 984.122 2.5278343e-08
101.7 977.419 3.7083555e-11
101.8 975.657 4.0736435e-11
101.9 971.078 2.2907085e-09
102 963.686 3.427234e-07
102.1 956.934 1.8989732e-12
102.2 955.417 2.4171751e-11
102.3 953.088 1.7178e-11
102.4 949.37 4.375843e-11
102.5 949.135 3.6552558e-10
102.6 952.599 1.5037906e-10
102.7 955.813 1.8082928e-10
102.8 957.122 2.1452229e-10
102.9 962.61 1.3625344e-08
103 966.749 3.4501235e-09
103.1 970.373 2.090789e-11
103.2 975.615 4.9042606e-09
103.3 977.424 3.1187284e-09
103.4 979.939 2.4506314e-10
103.5 985.313 4.5588717e-11
103.6 990.056 9.901523e-11
103.7 992.008 4.7156463e-11
103.8 992.898 1.0310996e-07
103.9 996.045 3.1390108e-09
104 1000.02 8.372247e-11
104.1 1004.3 2.4704946e-10
104.2 1007.46 2.5964725e-10
104.3 1013.74 3.1779038e-10
104.4 1012.94 1.4211955e-11
104.5 1014 8.380383e-12
104.6 1014.82 1.8960927e-10
104.7 1012.9 1.5028073e-11
104.8 1013.95 5.487452e-11
104.9 1015.03 3.469006e-12
105 1018.7 2.1829445e-08
105.1 1020.59 4.797712e-10
105.2 1019.28 3.495784e-11
105.3 1023.43 1.2753686e-11
105.4 1026.42 1.03564005e-10
105.5 1027.87 3.6525805e-10
105.6 1031.19 3.909624e-12
105.7 1033.44 1.15139955e-11
105.8 1035.96 1.3197661e-12
105.9 1036.63 4.242002e-12
106 1039.36 2.0851793e-10
106.1 1038.57 8.858378e-12
106.2 1043.61 2.0594466e-12
106.3 1048.24 2.290255e-12
106.4 1048.41 8.201453e-10
106.5 1053.87 2.0208281e-08
106.6 1059.71 9.06041e-08
106.7 1066.73 6.711616e-07
106.8 1071.94 6.6270913e-09
