0 399.421 0.9999993
0.1 402.55 0.9996088
0.2 407.733 0.99964356
0.3 409.645 0.99953115
0.4 414.612 0.997976
0.5 418.102 0.9932999
0.6 417.019 0.9922463
0.7 417.715 0.99074936
0.8 416.997 0.99411166
0.9 410.144 0.9924101
1 406.838 0.99373144
1.1 403.197 0.99507904
1.2 396.412 0.99530905
1.3 392.228 0.9937537
1.4 382.401 0.99343956
1.5 379.653 0.99331766
1.6 373.215 0.996422
1.7 369.242 0.9935051
1.8 365.299 0.99503446
1.9 361.354 0.9950009
2 360.611 0.99248
2.1 355.391 0.99156535
2.2 350.49 0.99180955
2.3 343.85 0.9871262
2.4 341.045 0.98772067
2.5 338.111 0.98133045
2.6 338.388 0.9803244
2.7 340.042 0.9729878
2.8 337.742 0.98160464
2.9 339.521 0.97830355
3 338.606 0.9786679
3.1 335.306 0.9743514
3.2 334.698 0.970333
3.3 331.031 0.95728976
3.4 329.373 0.9585503
3.5 325.9 0.95710564
3.6 324.639 0.95822555
3.7 322.791 0.95240605
3.8 320.851 0.9545834
3.9 315.05 0.94442225
4 312.524 0.942236
4.1 306.487 0.94659066
4.2 302.895 0.94309926
4.3 297.222 0.93843716
4.4 288.486 0.9396599
4.5 283.506 0.93911403
4.6 277.095 0.9396053
4.7 272.709 0.9370817
4.8 265.826 0.93844444
4.9 255.136 0.94226295
5 244.091 0.9403228
5.1 239.951 0.9333998
5.2 237.803 0.9370979
5.3 232.079 0.9400083
5.4 224.397 0.9338516
5.5 220.472 0.93027824
5.6 216.254 0.9359333
5.7 214.235 0.9331402
5.8 212.439 0.928713
5.9 207.587 0.9295785
6 209.354 0.9233269
6.1 212.536 0.91996104
6.2 212.924 0.91866857
6.3 214.498 0.9199517
6.4 209.33 0.91795
6.5 214.018 0.92363477
6.6 209.223 0.9180316
6.7 209.145 0.91702545
6.8 207.304 0.9172975
6.9 209.364 0.91583896
7 209.285 0.9185583
7.1 205.937 0.9173272
7.2 206.605 0.91690785
7.3 208.483 0.9145852
7.4 215.079 0.9070077
7.5 215.844 0.9005839
7.6 216.617 0.9055781
7.7 221.136 0.90210426
7.8 220.261 0.9014118
7.9 225.665 0.89221936
8 228.29 0.88919044
8.1 229.848 0.89303184
8.2 230.941 0.89321154
8.3 227.95 0.88882643
8.4 226.55 0.89080423
8.5 221.803 0.88760257
8.6 220.856 0.8883975
8.7 220.038 0.8932825
8.8 215.823 0.8825205
8.9 215.195 0.8448217
9 212.439 0.84321886
9.1 209.915 0.8393377
9.2 208.839 0.8362356
9.3 205.063 0.8220572
9.4 201.012 0.81811315
9.5 199.026 0.81901765
9.6 196.95 0.8184816
9.7 196.388 0.82013494
9.8 192.214 0.813895
9.9 189.587 0.81818086
10 189.909 0.8177603
10.1 186.775 0.8182769
10.2 182.083 0.81635827
10.3 177.096 0.81280196
10.4 174.503 0.817627
10.5 176.431 0.8167283
10.6 172.534 0.81466115
10.7 169.49 0.8076867
10.8 168.646 0.79115987
10.9 166.85 0.7916023
11 165.481 0.7948634
11.1 161.501 0.7909273
11.2 157.895 0.77903235
11.3 155.905 0.7830392
11.4 155.328 0.7800384
11.5 160.727 0.7758402
11.6 158.823 0.7728126
11.7 165.155 0.7738678
11.8 167.219 0.77221984
11.9 169.425 0.76066184
12 168.577 0.7609634
12.1 168.815 0.7560013
12.2 171.794 0.7573891
12.3 171.781 0.75723726
12.4 170.03 0.7535821
12.5 169.288 0.7538767
12.6 166.209 0.7497147
12.7 164.252 0.7500621
12.8 164.372 0.75330096
12.9 166.965 0.75094134
13 163.739 0.7500894
13.1 155.755 0.7496273
13.2 153.204 0.73709494
13.3 147.435 0.74126685
13.4 148.418 0.7420655
13.5 148.082 0.74322855
13.6 149.561 0.73778814
13.7 153.379 0.7371722
13.8 153.756 0.7357286
13.9 155.347 0.7321124
14 153.978 0.7419497
14.1 154.921 0.730996
14.2 157.878 0.7273444
14.3 154.348 0.7202253
14.4 158.214 0.7138272
14.5 160.232 0.7176259
14.6 162.843 0.714643
14.7 160.079 0.707015
14.8 156.769 0.7191148
14.9 158.676 0.7054039
15 158.497 0.7109702
15.1 158.138 0.69919866
15.2 160.64 0.69025046
15.3 160.505 0.6851873
15.4 162.194 0.67752576
15.5 161.221 0.673666
15.6 159.483 0.6706096
15.7 162.447 0.66330445
15.8 161.298 0.66258055
15.9 161.511 0.6647407
16 159.481 0.6629592
16.1 162.57 0.65719837
16.2 166.296 0.655329
16.3 167.659 0.65955883
16.4 169.672 0.6569407
16.5 170.735 0.6557944
16.6 173.582 0.6440935
16.7 178.947 0.6396838
16.8 181.035 0.63532096
16.9 182.632 0.64093775
17 186.586 0.6368693
17.1 193.73 0.6378625
17.2 199.415 0.6350982
17.3 203.464 0.63594985
17.4 210.999 0.63288915
17.5 215.221 0.6289204
17.6 221.173 0.6240578
17.7 231.341 0.6278791
17.8 236.657 0.6244612
17.9 241.002 0.6191588
18 245.303 0.6225138
18.1 253.398 0.6218367
18.2 265.927 0.61565876
18.3 270.127 0.6218649
18.4 280.272 0.62410754
18.5 285.734 0.62785304
18.6 294.846 0.6178977
18.7 305.833 0.61227757
18.8 317.495 0.61584246
18.9 325.903 0.6168765
19 335.818 0.61941296
19.1 344.957 0.6195014
19.2 355.376 0.61730313
19.3 364.076 0.611309
19.4 379.572 0.61092895
19.5 384.449 0.61228025
19.6 393.745 0.6068082
19.7 405.662 0.60885
19.8 415.99 0.60662466
19.9 428.8 0.61310786
20 437.569 0.61209667
20.1 451.032 0.6082187
20.2 464.043 0.6125255
20.3 475.066 0.60206515
20.4 490.046 0.59847486
20.5 501.052 0.59472144
20.6 513.444 0.5988632
20.7 529.7 0.59754604
20.8 539.23 0.6003557
20.9 554.363 0.59587944
21 564.804 0.59250396
21.1 576.745 0.59681106
21.2 586.308 0.59458464
21.3 595.399 0.59127754
21.4 604.284 0.59221154
21.5 612.357 0.5798059
21.6 620.265 0.5807242
21.7 625.002 0.57889825
21.8 631.588 0.5719916
21.9 631.363 0.56816334
22 639.599 0.5764233
22.1 643.451 0.5728768
22.2 642.043 0.56672674
22.3 642.839 0.5721529
22.4 644.81 0.5689956
22.5 645.619 0.57102275
22.6 649.839 0.56901693
22.7 643.303 0.57359016
22.8 638.786 0.5742255
22.9 639.532 0.5774225
23 638.09 0.5705224
23.1 638.557 0.57419366
23.2 636.495 0.5781211
23.3 632.029 0.57479465
23.4 632.711 0.57472086
23.5 629.048 0.5683188
23.6 626.552 0.5733931
23.7 619.295 0.5768094
23.8 612.894 0.5729651
23.9 601.451 0.573304
24 597.866 0.5669997
24.1 589.84 0.56741685
24.2 583.769 0.56789297
24.3 576.04 0.5688006
24.4 567.408 0.56816936
24.5 561.993 0.56738794
24.6 558.983 0.56885433
24.7 552.467 0.56597906
24.8 544.559 0.56233037
24.9 538.837 0.57752717
25 530.973 0.5782615
25.1 524.158 0.5744688
25.2 514.36 0.5821634
25.3 505.527 0.5719995
25.4 498.094 0.57385284
25.5 486.505 0.572546
25.6 480.678 0.5791547
25.7 474.587 0.58099574
25.8 465.301 0.58266366
25.9 460.417 0.577245
26 449.296 0.57860696
26.1 443.653 0.56509817
26.2 436.064 0.5758187
26.3 429.92 0.5741818
26.4 425.697 0.5686632
26.5 419.938 0.56799966
26.6 411.935 0.5671011
26.7 408.169 0.56814945
26.8 402.909 0.5625668
26.9 394.033 0.5683951
27 396.625 0.5689005
27.1 392.248 0.56921524
27.2 388.553 0.56723696
27.3 389.673 0.56817704
27.4 387.189 0.5694186
27.5 383.628 0.57071626
27.6 378.686 0.567698
27.7 377.159 0.5647811
27.8 378.82 0.56580836
27.9 379.957 0.56743056
28 383.511 0.56881154
28.1 386.408 0.56741667
28.2 386.339 0.5651038
28.3 385.59 0.5666143
28.4 387.898 0.5676816
28.5 387.202 0.56638294
28.6 388.442 0.56849444
28.7 391.496 0.56517375
28.8 395.867 0.57486093
28.9 399.219 0.57085204
29 403.217 0.5714362
29.1 404.971 0.57118785
29.2 410.737 0.5729882
29.3 417.849 0.569029
29.4 425.065 0.5699697
29.5 430.613 0.5714823
29.6 433.121 0.57146245
29.7 439.422 0.56877476
29.8 448.531 0.57210475
29.9 454.838 0.5725874
30 460.664 0.56920403
30.1 469.928 0.57225615
30.2 478.885 0.571749
30.3 488.215 0.5732744
30.4 496.362 0.572414
30.5 504.841 0.5724665
30.6 514.805 0.56835806
30.7 517.355 0.5684927
30.8 526.119 0.57210374
30.9 531.97 0.5712373
31 535.346 0.5733889
31.1 541.529 0.5736312
31.2 547.774 0.5706413
31.3 555.505 0.5699821
31.4 561.371 0.5672843
31.5 566.378 0.5697783
31.6 572.884 0.5627115
31.7 581.264 0.56462747
31.8 587.679 0.5687903
31.9 597.135 0.5711351
32 604.876 0.5730048
32.1 605.584 0.5688529
32.2 607.624 0.5684109
32.3 612.304 0.57174015
32.4 615.946 0.57219976
32.5 620.684 0.5716557
32.6 628.196 0.569169
32.7 636.527 0.57226086
32.8 644.186 0.57362163
32.9 651.075 0.57070524
33 656.757 0.56515175
33.1 660.829 0.57127327
33.2 662.336 0.5696333
33.3 667.76 0.5691118
33.4 674.212 0.5714487
33.5 678.22 0.5681845
33.6 684.678 0.5715532
33.7 690.587 0.57085335
33.8 695.023 0.5744206
33.9 699.217 0.572541
34 705.563 0.5732806
34.1 707.979 0.56807256
34.2 708.283 0.56902635
34.3 711.608 0.5696808
34.4 708.707 0.56937486
34.5 705.092 0.57029486
34.6 705.531 0.56944156
34.7 707.035 0.5705875
34.8 704.808 0.56812716
34.9 702.457 0.56718427
35 696.788 0.5713986
35.1 694.3 0.57335204
35.2 689.882 0.5715429
35.3 683.316 0.5719572
35.4 677.385 0.5716992
35.5 674.327 0.5702807
35.6 671.541 0.5703199
35.7 666.762 0.5704853
35.8 665.309 0.5719012
35.9 657.778 0.57162935
36 653.147 0.572139
36.1 647.631 0.56956303
36.2 644.476 0.57087785
36.3 640.006 0.56757015
36.4 633.232 0.5721747
36.5 628.88 0.56961083
36.6 623.635 0.5734027
36.7 613.093 0.57162863
36.8 609.243 0.5725313
36.9 601.024 0.5688534
37 593.156 0.57192177
37.1 588.28 0.5708621
37.2 584.429 0.57053185
37.3 580.093 0.56944096
37.4 577.656 0.5640149
37.5 569.261 0.56294435
37.6 563.625 0.56713307
37.7 556.9 0.56840855
37.8 550.601 0.56565946
37.9 539.732 0.56842434
38 533.588 0.57134426
38.1 529.889 0.5720546
38.2 521.71 0.5709002
38.3 517.774 0.5716844
38.4 515.639 0.5692573
38.5 512.061 0.56884354
38.6 510.028 0.5677915
38.7 504.916 0.56320095
38.8 499.265 0.5667131
38.9 493.457 0.567669
39 492.848 0.56748825
39.1 488.791 0.56166303
39.2 488.269 0.5653112
39.3 486.774 0.5647691
39.4 483.954 0.5657647
39.5 483.64 0.5665232
39.6 486.8 0.56505346
39.7 486.031 0.56640285
39.8 479.592 0.5666717
39.9 479.977 0.5664048
40 475.06 0.56923944
40.1 475.565 0.567772
40.2 478.298 0.56752574
40.3 476.525 0.5664829
40.4 478.924 0.56880367
40.5 480.579 0.5659709
40.6 480.51 0.570342
40.7 478.922 0.57071596
40.8 478.006 0.5718336
40.9 479.491 0.5685208
41 480.124 0.56979054
41.1 480.897 0.5710398
41.2 483.474 0.56689817
41.3 486.65 0.56776524
41.4 487.468 0.56927323
41.5 487.397 0.5681429
41.6 487.766 0.5692404
41.7 488.661 0.5678231
41.8 496.154 0.5658143
41.9 499.381 0.56465197
42 506.384 0.5711365
42.1 511.225 0.5703526
42.2 514.694 0.5661206
42.3 519.027 0.57125556
42.4 523.012 0.5689835
42.5 526.622 0.5694378
42.6 533.813 0.5721565
42.7 539.432 0.5687552
42.8 540.258 0.56866646
42.9 543.496 0.5685558
43 548.031 0.5682975
43.1 554.052 0.568474
43.2 558.516 0.5708343
43.3 564.784 0.5677396
43.4 569.851 0.5654524
43.5 570.073 0.5629262
43.6 571.585 0.56613636
43.7 573.922 0.56812835
43.8 579.749 0.5692825
43.9 583.647 0.5659529
44 591.561 0.5662785
44.1 590.699 0.56341165
44.2 592.933 0.5674032
44.3 597.076 0.5661732
44.4 601.372 0.5666375
44.5 603.87 0.56432366
44.6 605.172 0.5696257
44.7 608.954 0.5670469
44.8 614.491 0.5705127
44.9 622.883 0.5676049
45 625.581 0.56816894
45.1 633.024 0.56839675
45.2 641.62 0.56787664
45.3 642.985 0.5688842
45.4 649.376 0.56897354
45.5 653.471 0.5684244
45.6 659.17 0.56825
45.7 666.231 0.57123166
45.8 675.026 0.5701482
45.9 682.573 0.5679053
46 687.715 0.57130647
46.1 696.118 0.5668066
46.2 699.837 0.5679304
46.3 703.616 0.5695444
46.4 704.477 0.5665295
46.5 707.292 0.57154816
46.6 713.159 0.568663
46.7 716.12 0.56910807
46.8 719.611 0.5705286
46.9 721.76 0.5680588
47 720.882 0.56524426
47.1 719.35 0.56391317
47.2 717.51 0.5681679
47.3 717.343 0.5644957
47.4 717.409 0.5674307
47.5 716.055 0.56436276
47.6 711.645 0.564671
47.7 707.448 0.569586
47.8 705.088 0.565853
47.9 706.725 0.56812495
48 708.075 0.567606
48.1 707.238 0.56639785
48.2 703.832 0.56700104
48.3 699.438 0.56743735
48.4 697.944 0.56821793
48.5 695.927 0.56649905
48.6 693.652 0.5646129
48.7 688.66 0.5679255
48.8 682.867 0.568265
48.9 677.942 0.56677765
49 676.629 0.56818545
49.1 667.247 0.56815964
49.2 665.385 0.5675338
49.3 662.904 0.5682687
49.4 659.196 0.56939805
49.5 656.541 0.5700781
49.6 652.751 0.57060784
49.7 648.82 0.57011354
49.8 642.872 0.56793916
49.9 638.22 0.5718627
50 632.66 0.5702827
50.1 628.937 0.5677125
50.2 625.201 0.5721315
50.3 619.26 0.5727678
50.4 615.074 0.57322735
50.5 611.008 0.56743824
50.6 605.463 0.57348853
50.7 600.755 0.5723751
50.8 595.338 0.5729361
50.9 585.148 0.57062566
51 577.14 0.56796426
51.1 566.573 0.5655915
51.2 558.128 0.5748775
51.3 552.297 0.57037765
51.4 544.049 0.57052493
51.5 539.236 0.5734987
51.6 530.765 0.57142764
51.7 526.26 0.57062334
51.8 519.896 0.5686471
51.9 512.401 0.57229626
52 505.315 0.5652804
52.1 498.633 0.5699306
52.2 495.843 0.5674785
52.3 494.929 0.568408
52.4 492.201 0.56892145
52.5 489.932 0.56530714
52.6 489.347 0.565329
52.7 485.076 0.56622636
52.8 480.453 0.5672298
52.9 474.553 0.5664229
53 470.627 0.56820774
53.1 466.36 0.5673655
53.2 466.01 0.5716431
53.3 463.138 0.5695719
53.4 460.698 0.569189
53.5 455.997 0.5659281
53.6 451.562 0.5689692
53.7 450.615 0.5670731
53.8 453.392 0.5675852
53.9 455.824 0.5687214
54 457.003 0.5724436
54.1 458.175 0.5737604
54.2 463.633 0.57111907
54.3 467.688 0.5719115
54.4 468.735 0.56843746
54.5 465.855 0.56866485
54.6 468.185 0.569993
54.7 470.455 0.5696188
54.8 472.703 0.5723733
54.9 473.128 0.56857616
55 470.902 0.56900525
55.1 473.158 0.5687329
55.2 475.057 0.5683338
55.3 475.665 0.5710495
55.4 478.497 0.5702912
55.5 481.582 0.57109886
55.6 478.514 0.5745203
55.7 481.443 0.56947666
55.8 484.372 0.5747594
55.9 486.654 0.56752986
56 491.741 0.57065916
56.1 496.933 0.5696485
56.2 504.027 0.57052016
56.3 508.475 0.5701708
56.4 511.083 0.57072425
56.5 515.831 0.56900954
56.6 519.995 0.5704
56.7 525.606 0.5694877
56.8 529.4 0.5709135
56.9 535.935 0.5703675
57 541.826 0.5721938
57.1 547.79 0.5722748
57.2 556.227 0.57032114
57.3 558.906 0.5669419
57.4 562.562 0.56937224
57.5 564.721 0.57073176
57.6 562.507 0.5687488
57.7 567.724 0.56992257
57.8 577.723 0.5662521
57.9 586.118 0.56846255
58 595.811 0.5717711
58.1 599.006 0.5692733
58.2 604.319 0.57061267
58.3 608.071 0.5713507
58.4 614.116 0.56981987
58.5 619.212 0.5707261
58.6 623.639 0.5694232
58.7 628.632 0.5720785
58.8 632.697 0.5722739
58.9 633.183 0.56866413
59 633.438 0.57325906
59.1 636 0.5692756
59.2 633.357 0.5692109
59.3 630.861 0.56961954
59.4 629.02 0.570417
59.5 627.338 0.5715774
59.6 629.825 0.57176864
59.7 631.778 0.56853604
59.8 631.443 0.57225186
59.9 634.669 0.5700844
60 638.857 0.56957215
60.1 643.359 0.57096225
60.2 647.457 0.57226443
60.3 647.26 0.571184
60.4 651.329 0.5709255
60.5 650.056 0.56978184
60.6 650.425 0.56486696
60.7 653.004 0.56908756
60.8 656.005 0.5718107
60.9 656.636 0.56789094
61 657.636 0.56466234
61.1 656.148 0.5684413
61.2 651.818 0.5671815
61.3 652.19 0.56653684
61.4 651.643 0.5661947
61.5 653.325 0.5668268
61.6 654.255 0.567896
61.7 657.109 0.5671546
61.8 653.717 0.56701785
61.9 653.262 0.5653092
62 653.785 0.5660509
62.1 654.516 0.5637179
62.2 652.591 0.5640994
62.3 651.231 0.56426203
62.4 650.24 0.5663264
62.5 649.816 0.5708438
62.6 649.862 0.5681709
62.7 651.71 0.5684401
62.8 651.044 0.5682128
62.9 647.585 0.56966126
63 644.476 0.56727326
63.1 639.695 0.5681985
63.2 642.441 0.5660504
63.3 635.211 0.5640321
63.4 635.393 0.56653506
63.5 631.895 0.5695198
63.6 631.324 0.56947607
63.7 632.391 0.56748855
63.8 633.505 0.5648229
63.9 631.507 0.56712055
64 634.189 0.5695461
64.1 635.334 0.57031035
64.2 632.179 0.5678621
64.3 635.212 0.5671347
64.4 635.986 0.56820637
64.5 633.514 0.5685171
64.6 634.615 0.5676236
64.7 632.836 0.5697722
64.8 628.855 0.5665355
64.9 629.956 0.566688
65 629.244 0.5639342
65.1 628.526 0.56274414
65.2 623.963 0.5646421
65.3 618.306 0.56860596
65.4 613.763 0.56491894
65.5 607.811 0.56729865
65.6 605.162 0.56866956
65.7 601.54 0.5687812
65.8 599.35 0.56652874
65.9 594.508 0.56726867
66 585.33 0.56988376
66.1 578.381 0.5688779
66.2 574.333 0.566575
66.3 571.788 0.56966335
66.4 567.662 0.5703436
66.5 566.475 0.57163715
66.6 565.358 0.5707555
66.7 560.491 0.5745198
66.8 553.769 0.5706469
66.9 555.635 0.5723167
67 549.092 0.5714036
67.1 544.785 0.57210666
67.2 540.308 0.56783605
67.3 533.56 0.5669435
67.4 527.268 0.565053
67.5 523.336 0.5670047
67.6 515.797 0.5678712
67.7 511.863 0.5670322
67.8 509.499 0.56537604
67.9 503.518 0.56688154
68 500.601 0.5718558
68.1 499.82 0.56923014
68.2 496.295 0.57035536
68.3 491.042 0.569971
68.4 492.834 0.565957
68.5 491.099 0.5716688
68.6 489.01 0.5682374
68.7 485.111 0.57162154
68.8 481.629 0.5712175
68.9 478.27 0.57010883
69 476.542 0.5643532
69.1 476.274 0.567889
69.2 475.459 0.5605772
69.3 475.208 0.5621362
69.4 474.863 0.5587509
69.5 474.938 0.5648903
69.6 478.081 0.5637308
69.7 477.38 0.5656098
69.8 476.413 0.56335396
69.9 475.494 0.5560197
70 476.147 0.5651373
70.1 478.648 0.56205505
70.2 476.476 0.561009
70.3 479.249 0.5627475
70.4 481.376 0.5585638
70.5 484.497 0.56367564
70.6 487.982 0.5642775
70.7 488.825 0.5609156
70.8 491.472 0.56191725
70.9 495.826 0.5619152
71 500.586 0.5596122
71.1 510.635 0.55860287
71.2 516.727 0.5552331
71.3 519.933 0.5515975
71.4 523.106 0.5599125
71.5 525.683 0.5599685
71.6 524.189 0.55478644
71.7 524.534 0.55865645
71.8 528.339 0.561156
71.9 532.179 0.56221706
72 531.172 0.56225353
72.1 536.332 0.5564754
72.2 541.458 0.5604883
72.3 546.451 0.56136423
72.4 553.46 0.56467414
72.5 557.62 0.55749804
72.6 560.422 0.5651718
72.7 566.058 0.56532323
72.8 571.939 0.55850154
72.9 576.959 0.5643641
73 582.433 0.55511415
73.1 588.37 0.56455654
73.2 594.583 0.564767
73.3 604.566 0.5644341
73.4 610.475 0.56477845
73.5 615.622 0.5633916
73.6 618.679 0.5627359
73.7 624.298 0.5621335
73.8 630.347 0.5611201
73.9 634.888 0.56623745
74 639.376 0.56557846
74.1 647.48 0.5596043
74.2 649.651 0.5662747
74.3 655.869 0.5598779
74.4 658.824 0.5645055
74.5 661.084 0.5674625
74.6 667.159 0.56914645
74.7 669.304 0.5670743
74.8 676.625 0.5669183
74.9 686.2 0.5665863
75 693.094 0.56435597
75.1 696.769 0.5597292
75.2 696.882 0.56632495
75.3 701.725 0.56504446
75.4 704.53 0.5673228
75.5 710.001 0.5668997
75.6 717.026 0.5637511
75.7 724.556 0.56842536
75.8 731.189 0.56942225
75.9 735.479 0.56699884
76 740.248 0.5680449
76.1 744.165 0.5667242
76.2 745.073 0.56934553
76.3 750.175 0.5682574
76.4 758.763 0.56857085
76.5 766.189 0.571136
76.6 773.125 0.5697079
76.7 780.776 0.5716281
76.8 785.477 0.56807137
76.9 792.739 0.56493866
77 801.195 0.56918246
77.1 809.416 0.5657233
77.2 816.154 0.5680885
77.3 818.001 0.56476194
77.4 819.772 0.56369835
77.5 821.651 0.5620449
77.6 828.326 0.5717179
77.7 838.88 0.56842226
77.8 845.3 0.5705231
77.9 848.742 0.56542164
78 854.827 0.5685949
78.1 860.985 0.56558925
78.2 866.099 0.56719154
78.3 870.825 0.5700052
78.4 873.37 0.56670463
78.5 879.921 0.56381154
78.6 885.748 0.56690466
78.7 892.805 0.5634713
78.8 900.7 0.5593125
78.9 910.05 0.5659859
79 919.316 0.56042266
79.1 925.892 0.5642887
79.2 932.965 0.5666844
79.3 940.192 0.56647855
79.4 942.044 0.5660459
79.5 952.215 0.56667143
79.6 958.853 0.5637627
79.7 964.859 0.56610686
79.8 972.505 0.5652651
79.9 978.161 0.5615847
80 985.747 0.5600153
80.1 995.906 0.56053525
80.2 1008.86 0.5652335
80.3 1022.6 0.5644768
80.4 1034.36 0.5620297
80.5 1048.24 0.56546485
80.6 1060.87 0.5654869
80.7 1073.82 0.56685764
80.8 1084.35 0.562354
80.9 1094.29 0.56225353
81 1105.81 0.5647207
81.1 1116.57 0.5672807
81.2 1128.21 0.56794393
81.3 1140.65 0.56464785
81.4 1153.07 0.5671727
81.5 1163.93 0.56874424
81.6 1173.77 0.56462353
81.7 1182.7 0.56861097
81.8 1190.36 0.56871974
81.9 1203.2 0.567081
82 1216.01 0.5654468
82.1 1224.18 0.56663066
82.2 1231.04 0.56194097
82.3 1234.13 0.56378376
82.4 1238.3 0.56403774
82.5 1240.55 0.56562716
82.6 1245.56 0.56966656
82.7 1246.01 0.5695236
82.8 1244.69 0.5658579
82.9 1249.36 0.5681662
83 1254.4 0.57096875
83.1 1258.84 0.5719011
83.2 1262.27 0.572008
83.3 1269.43 0.5708596
83.4 1273.24 0.5712453
83.5 1279.47 0.572889
83.6 1283.24 0.5703797
83.7 1285.76 0.5713729
83.8 1284.59 0.57015175
83.9 1284.68 0.574105
84 1279.85 0.56880593
84.1 1276.2 0.5650751
84.2 1272.06 0.5694982
84.3 1262.73 0.5688281
84.4 1258.13 0.56304485
84.5 1256.54 0.5648173
84.6 1248.49 0.5603854
84.7 1245.47 0.53493893
84.8 1242.35 0.5230384
84.9 1237.45 0.5187483
85 1229.31 0.51577854
85.1 1218.76 0.5209466
85.2 1208.25 0.51563793
85.3 1195.01 0.51568663
85.4 1181.88 0.5154625
85.5 1169.07 0.5139453
85.6 1154.84 0.5165784
85.7 1140.93 0.5158672
85.8 1125.04 0.5080268
85.9 1111.51 0.51017547
86 1099.74 0.5039211
86.1 1084.35 0.5020732
86.2 1072.74 0.5013302
86.3 1058.85 0.48924536
86.4 1043.59 0.47997546
86.5 1026.33 0.4710046
86.6 1009.17 0.45570615
86.7 993.154 0.4326234
86.8 976.832 0.44090995
86.9 962.158 0.43299362
87 940.261 0.4452412
87.1 922.502 0.44069946
87.2 908.378 0.43706483
87.3 895.949 0.44402862
87.4 887.98 0.44745994
87.5 880.393 0.43412027
87.6 873.305 0.42571014
87.7 865.85 0.41436717
87.8 861.375 0.4053214
87.9 854.249 0.41176608
88 842.798 0.40473858
88.1 830.876 0.4077435
88.2 821.695 0.39042228
88.3 808.201 0.39694247
88.4 788.987 0.3931665
88.5 774.949 0.38297623
88.6 761.191 0.38081244
88.7 745.09 0.37129238
88.8 733.842 0.368894
88.9 727.985 0.36252192
89 718.043 0.35614368
89.1 711.773 0.35348526
89.2 705.285 0.33546916
89.3 700.185 0.3471247
89.4 697.076 0.34102175
89.5 690.14 0.33086514
89.6 681.953 0.34094378
89.7 678.756 0.32869312
89.8 670.131 0.325871
89.9 662.866 0.32419774
90 660.256 0.32526493
90.1 657.259 0.32921344
90.2 655.619 0.32557034
90.3 651.89 0.32553178
90.4 647.115 0.32418376
90.5 643.47 0.32934684
90.6 641.519 0.3301788
90.7 641.709 0.32942566
90.8 637.983 0.33147624
90.9 637.762 0.32675418
91 635.384 0.3275988
91.1 631.817 0.32514772
91.2 632.779 0.32623756
91.3 628.312 0.33166984
91.4 625.849 0.34527758
91.5 624.477 0.3351197
91.6 625.527 0.33630034
91.7 626.896 0.3062633
91.8 631.594 0.31160825
91.9 635.901 0.31754798
92 642.066 0.31387058
92.1 651.91 0.30998605
92.2 656.422 0.31320554
92.3 659.552 0.2875592
92.4 664.158 0.28755856
92.5 667.684 0.26188728
92.6 672.298 0.2843326
92.7 678.495 0.28120103
92.8 683.889 0.27800453
92.9 684.876 0.26695794
93 688.429 0.2671086
93.1 692.629 0.26511928
93.2 701.381 0.26044968
93.3 703.607 0.26343876
93.4 712.923 0.26064903
93.5 720.131 0.25766915
93.6 731.176 0.25938585
93.7 739.963 0.25339702
93.8 751.811 0.25206378
93.9 761.728 0.2575043
94 766.794 0.25848398
94.1 777.218 0.24914603
94.2 783.589 0.25289193
94.3 791.212 0.24476275
94.4 804.668 0.25096527
94.5 818.282 0.244063
94.6 831.881 0.24509838
94.7 845.768 0.24020417
94.8 856.006 0.23058468
94.9 873.45 0.22631268
95 884.054 0.22287688
95.1 891.054 0.21942711
95.2 900.328 0.2221429
95.3 902.213 0.21610297
95.4 903.662 0.20596589
95.5 909.526 0.2082554
95.6 912.896 0.2097922
95.7 913.75 0.20780884
95.8 912.56 0.2154167
95.9 917.947 0.2081711
96 915.293 0.20490535
96.1 914.77 0.19882782
96.2 914.145 0.18674697
96.3 909.136 0.189308
96.4 909.037 0.18977106
96.5 912.069 0.1854766
96.6 913.311 0.1896204
96.7 910.804 0.1854832
96.8 909.712 0.18407501
96.9 904.659 0.18567026
97 901.847 0.18238358
97.1 893.38 0.17535977
97.2 887.121 0.17525664
97.3 880.89 0.17508706
97.4 872.861 0.16787612
97.5 868.339 0.16440338
97.6 864.065 0.16235739
97.7 860.209 0.16350958
97.8 854.642 0.1565225
97.9 848.609 0.14286153
98 845.493 0.14456858
98.1 840.822 0.1405256
98.2 833.897 0.1489735
98.3 826.557 0.15224122
98.4 822.611 0.153949
98.5 817.471 0.1522587
98.6 816.741 0.15658465
98.7 806.118 0.15150447
98.8 799.611 0.14998879
98.9 791.05 0.14498183
99 782.79 0.13817982
99.1 776.896 0.1356291
99.2 768.964 0.122862816
99.3 761.82 0.1288062
99.4 752.737 0.12391495
99.5 740.605 0.12015971
99.6 729.189 0.11494674
99.7 715.669 0.106831186
99.8 702.9 0.10571766
99.9 690.303 0.10157703
100 670.74 0.10708453
100.1 655.505 0.10908001
100.2 645.217 0.10800245
100.3 634.91 0.10781886
100.4 629.834 0.108849496
100.5 623.357 0.10639099
100.6 616.309 0.107438445
100.7 612.455 0.10741895
100.8 604.993 0.09728933
100.9 601.1 0.097977914
101 592.516 0.09553728
101.1 591.006 0.101099625
101.2 586.508 0.10392789
101.3 585.111 0.09863257
101.4 586.667 0.0974872
101.5 585.303 0.09268172
101.6 578.306 0.09439387
101.7 576.735 0.09679313
101.8 576.916 0.09787457
101.9 575.358 0.093914546
102 576.137 0.09130251
102.1 572.067 0.078225896
102.2 570.63 0.07700473
102.3 570.895 0.07826457
102.4 568.966 0.07081933
102.5 566.837 0.07210156
102.6 563.219 0.07038758
102.7 560.191 0.07299489
102.8 558.128 0.07092956
102.9 555.545 0.07137812
103 555.731 0.069059275
103.1 555.899 0.06850866
103.2 556.442 0.06980485
103.3 556.176 0.07001784
103.4 554.878 0.06637885
103.5 555.735 0.062110752
103.6 555.074 0.0655737
103.7 553.104 0.05752992
103.8 555.859 0.058722857
103.9 555.397 0.055354733
104 554.09 0.05574057
104.1 553.262 0.055944994
104.2 551.351 0.05522548
104.3 548.699 0.05411659
104.4 551.148 0.05345324
104.5 553.284 0.05097253
104.6 551.293 0.05260927
104.7 547.43 0.054062672
104.8 546.729 0.054259323
104.9 546.52 0.05334751
105 547.323 0.05302424
105.1 551.264 0.053663682
105.2 554.618 0.05330354
105.3 554.183 0.054237574
105.4 553.242 0.052841157
105.5 553.68 0.054286238
105.6 557.092 0.053576313
105.7 558.544 0.054499123
105.8 558.193 0.052597325
105.9 564.054 0.051541243
106 566.133 0.048488367
106.1 568.953 0.049882095
106.2 570.298 0.050270896
106.3 573.229 0.05082758
106.4 575.176 0.04805208
106.5 575.866 0.047150612
106.6 574.664 0.04945491
106.7 577.676 0.048767727
106.8 576.734 0.04990605
106.9 573.325 0.050572876
107 572.078 0.049938727
